452
1240 7836 0 114 68 274
1266 7830 10 116 68 404
1266 7844 20 117 67 420
1266 7855 30 119 66 433
1287 7886 40 116 66 447
1321 7930 50 116 66 483
1367 7987 60 114 66 499
1417 8066 70 110 66 527
1456 8159 80 110 66 561
1486 8226 90 110 66 616
1486 8262 100 110 66 667
1486 8277 110 111 67 697
1475 8277 120 114 66 722
1467 8259 130 114 66 728
1457 8226 140 114 66 728
1438 8134 150 116 66 719
1414 8011 160 114 66 700
1405 7867 170 114 66 663
1405 7746 180 114 66 641
1396 7651 190 111 67 630
1389 7573 200 111 67 619
1389 7532 210 110 66 616
1384 7519 220 108 66 610
1376 7524 230 108 66 609
1363 7546 240 108 66 586
1363 7591 250 108 65 589
1363 7651 260 108 65 560
1381 7722 270 108 65 559
1405 7794 280 108 65 546
1432 7868 290 108 66 545
1461 7923 300 108 66 540
1496 7976 310 108 66 542
1526 8015 320 110 66 545
1553 8045 330 111 67 546
1579 8072 340 111 67 556
1599 8096 350 111 67 567
1615 8112 360 111 67 586
1615 8112 370 115 67 613
1615 8112 380 115 67 617
1605 8096 390 115 67 624
1583 8062 400 115 67 633
1563 8015 410 115 67 636
1544 7971 420 112 67 625
1544 7933 430 112 67 586
1554 7910 440 112 67 502
1566 7895 450 111 67 422
1578 7895 460 111 67 396
1585 7905 470 111 67 412
1590 7923 480 111 67 422
1601 7956 490 114 66 448
1615 7988 500 114 66 475
1630 8019 510 114 66 481
1645 8043 520 114 66 491
1666 8063 530 113 65 491
1684 8075 540 110 66 493
1694 8075 550 110 66 499
1700 8075 560 110 65 527
1705 8056 570 110 65 551
1700 8027 580 112 64 561
1689 7989 590 111 64 559
1694 7956 600 112 64 556
1702 7932 610 110 65 544
1718 7915 620 110 65 516
1741 7915 630 110 65 509
1765 7928 640 108 65 505
1791 7955 650 108 65 502
1810 7987 660 108 65 509
1824 8018 670 108 66 522
1824 8049 680 108 66 521
1829 8075 690 108 66 527
1829 8097 700 110 66 537
1829 8112 710 110 66 553
1829 8119 720 110 66 578
1829 8119 730 110 66 592
1829 8110 740 113 65 602
1821 8101 750 113 65 602
1815 8067 760 113 65 606
1806 8029 770 113 65 603
1799 7987 780 113 65 603
1794 7942 790 110 66 595
1803 7908 800 110 66 569
1816 7881 810 110 66 546
1828 7863 820 110 66 522
1838 7852 830 110 66 502
1838 7845 840 110 66 494
1838 7845 850 110 66 495
1838 7845 860 110 66 493
1828 7845 870 114 66 465
1813 7838 880 114 66 417
1795 7823 890 114 66 304
1795 7803 900 114 66 257
1795 7794 910 110 66 272
1795 7794 920 110 66 394
1795 7794 930 111 67 520
1795 7803 940 111 67 592
1788 7813 950 111 67 631
1788 7818 960 111 67 636
1795 7832 970 111 67 625
1814 7853 980 111 67 603
1852 7881 990 111 67 589
1891 7909 1000 111 67 581
1919 7940 1010 114 66 583
1940 7961 1020 113 65 595
1948 7974 1030 113 65 613
1958 7988 1040 113 65 610
1967 8002 1050 113 65 611
1972 8013 1060 110 65 611
1972 8032 1070 110 65 614
1984 8059 1080 110 65 614
1984 8074 1090 110 65 617
1978 8087 1100 109 64 624
1963 8092 1110 111 64 652
1947 8092 1120 111 64 671
1927 8069 1130 111 64 681
1905 8037 1140 111 64 685
1888 8001 1150 111 64 644
1888 7975 1160 111 64 512
1905 7955 1170 109 64 216
1905 7955 1180 109 64 0
2011 7981 1190 109 64 0
2041 8007 1200 107 64 0
2054 8013 1210 107 64 0
2077 8023 1220 107 64 0
2117 8035 1230 107 64 0
2167 8047 1240 107 64 0
2238 8056 1250 107 64 0
2308 8080 1260 108 65 0
2374 8116 1270 108 65 0
2418 8148 1280 108 66 0
2451 8180 1290 109 67 0
2451 8213 1300 110 68 0
2451 8239 1310 114 68 0
2442 8249 1320 116 68 0
2435 8249 1330 116 68 0
2402 8272 1340 118 68 0
2402 8272 1350 120 67 493
2377 8306 1360 122 67 568
2364 8320 1370 123 65 637
2364 8320 1380 122 65 724
2364 8325 1390 124 64 742
2364 8318 1400 122 63 751
2369 8273 1410 122 63 760
2369 8205 1420 122 63 763
2363 8131 1430 121 63 765
2353 8054 1440 119 63 767
2353 7993 1450 119 63 757
2345 7943 1460 119 63 758
2345 7914 1470 117 63 730
2337 7906 1480 116 63 676
2337 7911 1490 115 63 620
2337 7926 1500 115 63 591
2325 7959 1510 113 63 574
2325 8005 1520 113 63 560
2330 8058 1530 113 63 570
2345 8111 1540 113 63 568
2365 8164 1550 113 63 568
2378 8217 1560 115 63 570
2388 8252 1570 115 63 570
2397 8282 1580 116 63 585
2402 8306 1590 116 63 627
2402 8318 1600 118 62 671
2407 8318 1610 118 62 700
2407 8318 1620 118 62 728
2407 8318 1630 120 62 733
2407 8318 1640 120 62 740
2407 8306 1650 121 63 755
2407 8266 1660 121 63 753
2407 8208 1670 119 63 760
2407 8146 1680 119 63 770
2407 8090 1690 118 62 768
2412 8045 1700 116 63 760
2412 8005 1710 116 63 731
2418 7983 1720 116 63 592
2428 7974 1730 115 63 311
2428 7974 1740 115 63 0
2462 7989 1750 113 63 0
2478 8011 1760 113 63 0
2491 8038 1770 114 64 0
2503 8065 1780 114 64 0
2514 8089 1790 114 64 0
2519 8105 1800 115 65 0
2519 8105 1810 117 65 13
2519 8105 1820 117 65 182
2519 8105 1830 117 65 253
2519 8105 1840 117 65 317
2519 8105 1850 119 64 349
2547 8113 1860 119 64 363
2562 8113 1870 119 64 369
2574 8125 1880 119 64 362
2586 8140 1890 122 65 374
2595 8157 1900 122 65 382
2595 8177 1910 122 65 399
2588 8198 1920 122 65 450
2578 8205 1930 122 65 529
2578 8205 1940 122 65 580
2567 8205 1950 122 65 595
2557 8193 1960 122 65 603
2540 8168 1970 122 65 619
2529 8134 1980 122 65 620
2529 8093 1990 122 65 627
2529 8058 2000 119 64 622
2536 8028 2010 119 64 602
2547 8001 2020 119 64 522
2564 7990 2030 117 65 387
2584 7990 2040 117 65 89
2584 7990 2050 117 65 0
2662 8042 2060 117 65 0
2676 8077 2070 117 65 0
2676 8077 2080 117 65 73
2698 8147 2090 117 65 218
2698 8183 2100 117 65 338
2698 8203 2110 117 65 448
2698 8210 2120 119 64 512
2698 8210 2130 119 64 550
2698 8200 2140 119 64 580
2691 8178 2150 120 64 597
2686 8146 2160 120 64 616
2686 8101 2170 120 64 614
2686 8064 2180 120 64 616
2686 8032 2190 117 63 585
2698 8009 2200 117 63 543
2713 8003 2210 117 63 540
2713 8008 2220 117 63 536
2713 8022 2230 117 63 553
2713 8049 2240 119 64 570
2722 8086 2250 119 64 570
2728 8123 2260 119 64 565
2736 8157 2270 119 64 496
2742 8182 2280 119 64 314
2754 8203 2290 120 65 13
2754 8203 2300 120 65 0
2784 8214 2310 120 65 0
2797 8214 2320 122 65 0
2808 8214 2330 122 65 0
2824 8214 2340 122 65 0
2824 8214 2350 122 65 88
2824 8214 2360 122 65 275
2850 8232 2370 122 65 420
2850 8239 2380 122 65 541
2850 8239 2390 122 65 588
2850 8239 2400 124 64 613
2850 8226 2410 124 64 620
2838 8196 2420 123 65 636
2832 8154 2430 123 65 638
2832 8117 2440 123 65 631
2832 8087 2450 123 65 613
2846 8061 2460 123 65 562
2858 8044 2470 123 65 504
2873 8044 2480 120 65 448
2893 8053 2490 120 65 420
2911 8072 2500 120 65 430
2926 8099 2510 120 65 449
2940 8131 2520 120 65 464
2946 8167 2530 120 65 499
2953 8200 2540 120 65 538
2958 8223 2550 122 65 595
2958 8237 2560 122 65 620
2958 8237 2570 122 65 643
2958 8237 2580 122 65 665
2953 8228 2590 122 65 678
2953 8201 2600 122 65 685
2947 8161 2610 122 65 687
2947 8125 2620 122 65 667
2959 8098 2630 122 65 613
2976 8076 2640 122 65 538
3001 8066 2650 122 65 463
3031 8066 2660 122 65 382
3058 8078 2670 122 65 353
3077 8097 2680 122 65 344
3091 8122 2690 122 65 361
3103 8151 2700 122 65 391
3103 8180 2710 122 65 439
3103 8205 2720 122 65 530
3098 8223 2730 122 65 591
3092 8236 2740 122 65 659
3092 8236 2750 122 65 700
3082 8236 2760 124 64 708
3070 8224 2770 122 65 721
3052 8197 2780 122 65 728
3037 8158 2790 122 65 730
3037 8128 2800 122 65 716
3046 8096 2810 122 65 670
3065 8078 2820 122 65 617
3087 8070 2830 122 65 543
3115 8070 2840 122 65 514
3144 8084 2850 122 65 499
3162 8103 2860 122 65 504
3173 8128 2870 122 65 512
3179 8157 2880 120 64 536
3179 8190 2890 120 64 569
3179 8214 2900 120 64 592
3179 8232 2910 120 64 644
3179 8239 2920 120 64 693
3179 8239 2930 122 63 722
3179 8239 2940 122 63 721
3167 8227 2950 122 63 727
3156 8202 2960 122 63 724
3143 8167 2970 122 63 727
3143 8135 2980 122 63 728
3160 8105 2990 122 63 673
3176 8086 3000 120 64 631
3193 8074 3010 120 64 538
3214 8074 3020 120 64 496
3240 8091 3030 120 64 490
3255 8120 3040 120 64 519
3264 8151 3050 120 64 561
3264 8185 3060 120 64 625
3264 8222 3070 122 63 678
3264 8243 3080 122 63 696
3264 8251 3090 122 63 719
3264 8251 3100 122 63 728
3264 8251 3110 122 63 728
3264 8227 3120 122 63 745
3264 8195 3130 122 63 757
3264 8144 3140 122 63 757
3264 8104 3150 122 63 757
3272 8071 3160 122 63 731
3282 8046 3170 120 64 682
3292 8034 3180 120 64 492
3292 8034 3190 120 64 0
3316 8048 3200 119 64 0
3326 8077 3210 119 64 0
3320 8115 3220 119 64 0
3304 8148 3230 119 64 0
3285 8178 3240 119 64 0
3262 8204 3250 119 64 0
3237 8229 3260 119 64 0
3203 8253 3270 119 64 0
3170 8273 3280 120 64 0
3136 8290 3290 119 63 0
3100 8305 3300 119 63 0
3068 8320 3310 121 63 0
3068 8320 3320 120 62 455
3003 8351 3330 120 62 467
2978 8367 3340 123 62 471
2978 8382 3350 123 62 269
2978 8382 3360 123 62 0
3021 8407 3370 124 63 0
3058 8414 3380 124 63 0
3087 8414 3390 124 63 0
3109 8404 3400 124 63 0
3135 8396 3410 124 63 0
3159 8389 3420 123 62 0
3182 8384 3430 124 62 0
3208 8384 3440 124 62 0
3229 8379 3450 123 61 0
3246 8379 3460 123 61 0
3261 8379 3470 123 61 0
3272 8379 3480 123 61 0
3280 8373 3490 123 61 0
3294 8373 3500 123 61 0
3308 8373 3510 123 61 0
3323 8373 3520 124 62 0
3341 8382 3530 124 62 0
3355 8393 3540 124 62 0
3355 8393 3550 124 62 269
3365 8426 3560 124 62 420
3365 8444 3570 124 62 543
3365 8458 3580 124 62 658
3365 8466 3590 123 62 696
3365 8466 3600 123 62 705
3365 8461 3610 123 62 705
3365 8454 3620 123 62 703
3371 8410 3630 123 62 707
3371 8343 3640 124 63 705
3380 8276 3650 124 63 707
3380 8215 3660 124 63 703
3380 8159 3670 124 63 693
3390 8118 3680 124 64 696
3398 8090 3690 124 64 684
3409 8072 3700 124 64 667
3409 8065 3710 124 64 636
3409 8065 3720 124 64 585
3409 8073 3730 122 65 570
3409 8099 3740 122 65 548
3409 8128 3750 122 65 551
3409 8158 3760 122 65 562
3392 8179 3770 122 65 605
3379 8196 3780 122 65 622
3356 8203 3790 122 65 673
3326 8203 3800 124 64 691
3302 8185 3810 124 64 697
3285 8161 3820 124 64 697
3280 8124 3830 124 64 697
3297 8091 3840 124 64 690
3329 8060 3850 120 64 691
3371 8046 3860 120 64 669
3408 8046 3870 120 64 667
3437 8046 3880 120 64 671
3462 8058 3890 122 65 659
3490 8078 3900 122 65 646
3506 8102 3910 122 65 645
3515 8134 3920 122 65 634
3522 8166 3930 122 65 638
3522 8197 3940 122 65 637
3506 8212 3950 122 65 670
3484 8222 3960 122 65 682
3455 8222 3970 124 64 724
3420 8206 3980 124 64 727
3400 8182 3990 124 64 730
3384 8139 4000 124 64 725
3396 8100 4010 122 65 716
3426 8064 4020 122 65 696
3461 8041 4030 122 65 691
3495 8032 4040 122 65 684
3524 8032 4050 123 65 678
3550 8046 4060 123 65 685
3569 8071 4070 123 65 694
3574 8105 4080 124 66 700
3574 8145 4090 124 66 708
3546 8199 4100 124 66 745
3496 8262 4110 124 66 790
3428 8331 4120 124 66 842
3307 8389 4130 126 66 908
3117 8403 4140 126 66 949
2880 8390 4150 126 66 1023
2625 8331 4160 128 65 1023
2451 8254 4170 126 66 1023
2331 8165 4180 125 65 1023
2300 8090 4190 125 65 1023
2338 7992 4200 122 65 1023
2423 7880 4210 120 65 1023
2595 7811 4220 118 65 1023
2771 7779 4230 117 65 1023
2917 7772 4240 115 65 981
3042 7808 4250 115 65 974
3128 7865 4260 115 65 968
3171 7937 4270 115 65 968
3186 8023 4280 115 65 967
3174 8102 4290 117 65 976
3133 8176 4300 117 65 973
3072 8216 4310 120 65 950
2970 8228 4320 120 65 970
2839 8221 4330 120 65 987
2689 8190 4340 123 65 994
2620 8145 4350 123 65 985
2584 8091 4360 123 65 982
2569 8033 4370 121 66 977
2596 7975 4380 121 66 986
2680 7917 4390 121 66 970
2802 7860 4400 119 66 958
2905 7832 4410 118 65 956
2965 7804 4420 118 65 956
2997 7778 4430 118 65 967
3002 7763 4440 115 65 976
3002 7753 4450 115 65 983
3002 7753 4460 115 65 988
3002 7753 4470 112 64 986
3002 7753 4480 112 64 959
3002 7753 4490 112 64 911
3025 7765 4500 112 64 777
3063 7792 4510 111 64 294
