287
1671 5974 0 134 58 214
1636 5969 10 134 58 230
1625 5985 20 136 58 244
1625 5990 30 138 59 255
1630 5982 40 139 58 287
1674 5959 50 141 59 309
1742 5932 60 141 59 343
1846 5910 70 143 59 369
1979 5894 80 143 59 423
2132 5906 90 142 59 460
2293 5942 100 142 59 504
2465 5995 110 142 59 521
2644 6064 120 144 60 527
2777 6141 130 144 60 533
2857 6224 140 145 60 526
2902 6309 150 146 60 515
2895 6410 160 148 60 512
2836 6523 170 148 60 518
2742 6644 180 151 60 535
2587 6730 190 151 60 522
2398 6792 200 151 60 512
2186 6769 210 152 59 522
1919 6684 220 152 59 533
1656 6559 230 150 58 540
1453 6391 240 150 58 566
1287 6218 250 149 58 577
1199 6035 260 147 58 591
1189 5847 270 146 58 595
1230 5700 280 144 58 588
1332 5581 290 143 59 602
1497 5524 300 141 59 630
1704 5518 310 139 60 653
1932 5546 320 136 60 666
2158 5622 330 136 61 678
2383 5742 340 135 62 675
2571 5891 350 135 62 667
2693 6044 360 137 62 647
2772 6194 370 138 61 613
2779 6368 380 138 61 617
2728 6560 390 141 61 647
2638 6655 400 142 61 673
2543 6679 410 144 60 664
2450 6655 420 145 59 666
2382 6594 430 145 59 667
2328 6514 440 145 59 655
2306 6422 450 146 58 649
2326 6324 460 146 58 650
2373 6236 470 146 58 646
2469 6156 480 146 57 652
2601 6101 490 146 57 653
2757 6061 500 147 58 653
2888 6032 510 146 58 644
2981 6014 520 146 58 641
3048 6009 530 146 58 630
3065 6014 540 146 60 630
3036 6014 550 146 60 591
2977 6021 560 146 60 540
2852 6031 570 147 61 493
2653 6038 580 147 61 456
2405 6038 590 147 61 446
2127 6038 600 145 60 466
1833 6031 610 145 60 488
1527 6021 620 145 60 512
1316 6010 630 144 60 497
1158 5994 640 144 60 510
1035 5980 650 144 60 502
1004 5973 660 142 59 496
1045 5973 670 142 59 502
1134 5966 680 142 59 517
1281 5960 690 142 59 516
1490 5960 700 142 59 546
1740 5960 710 142 59 584
2054 5968 720 142 59 617
2398 5974 730 142 59 633
2761 5981 740 142 59 636
3077 5987 750 142 59 644
3355 5987 760 144 60 650
3607 5987 770 144 60 650
3797 5995 780 145 59 653
3897 6008 790 146 60 649
3936 6024 800 146 60 617
3936 6046 810 146 60 483
3882 6072 820 149 59 181
3882 6072 830 149 59 0
3657 6120 840 149 59 0
3476 6130 850 150 58 0
3271 6141 860 149 58 0
3044 6150 870 149 58 0
2817 6156 880 147 58 0
2590 6156 890 144 58 0
2375 6156 900 143 57 0
2167 6147 910 140 58 0
1983 6147 920 139 57 0
1831 6127 930 136 57 0
1701 6107 940 135 57 0
1612 6082 950 132 57 0
1575 6069 960 132 57 0
1575 6064 970 132 57 0
1582 6056 980 132 58 0
1593 6044 990 134 58 0
1605 6024 1000 134 58 0
1611 6001 1010 134 60 0
1611 5983 1020 134 60 0
1611 5967 1030 132 60 0
1616 5960 1040 132 60 0
1623 5970 1050 131 60 0
1632 5991 1060 128 59 0
1644 6030 1070 128 59 0
1665 6081 1080 128 59 0
1688 6140 1090 128 59 0
1711 6212 1100 129 59 0
1740 6290 1110 132 59 0
1759 6372 1120 134 58 0
1770 6544 1130 136 58 0
1770 6544 1140 139 58 222
1774 6728 1150 142 59 220
1742 6737 1160 144 60 214
1721 6706 1170 145 59 249
1685 6648 1180 146 60 306
1638 6533 1190 146 60 369
1599 6385 1200 147 59 402
1578 6214 1210 147 59 465
1568 6045 1220 147 59 494
1568 5902 1230 147 59 522
1568 5776 1240 145 59 529
1568 5684 1250 145 59 544
1581 5622 1260 144 60 537
1595 5580 1270 141 60 520
1609 5553 1280 139 61 440
1618 5548 1290 137 62 285
1618 5548 1300 135 63 0
1647 5601 1310 132 63 0
1669 5661 1320 132 63 0
1682 5733 1330 132 63 0
1689 5820 1340 130 62 0
1713 5901 1350 130 62 0
1752 5978 1360 132 61 0
1800 6020 1370 131 61 0
1845 6057 1380 132 60 0
1890 6087 1390 134 60 0
1890 6087 1400 134 60 63
1957 6160 1410 135 59 99
1948 6204 1420 136 58 179
1939 6244 1430 138 59 249
1921 6267 1440 139 58 341
1897 6280 1450 139 58 398
1875 6272 1460 142 58 422
1852 6261 1470 142 58 445
1822 6231 1480 142 58 468
1788 6189 1490 143 57 477
1744 6136 1500 142 58 497
1716 6084 1510 142 58 520
1698 6032 1520 142 58 518
1689 5983 1530 141 59 527
1700 5952 1540 141 59 535
1724 5934 1550 141 59 540
1759 5926 1560 139 60 546
1806 5941 1570 139 60 537
1860 5972 1580 136 60 542
1915 6018 1590 136 60 548
1954 6061 1600 136 60 553
1982 6102 1610 136 60 561
1992 6147 1620 136 60 565
1992 6194 1630 138 59 570
1983 6235 1640 138 59 560
1969 6252 1650 139 58 566
1956 6252 1660 139 58 567
1947 6240 1670 140 58 566
1940 6222 1680 140 58 569
1929 6176 1690 140 58 570
1915 6112 1700 142 57 578
1924 6076 1710 140 58 581
1944 6044 1720 140 58 589
1971 6015 1730 140 58 595
2003 5988 1740 139 58 588
2037 5982 1750 139 58 592
2075 5991 1760 138 59 592
2113 6016 1770 136 58 599
2145 6054 1780 136 58 597
2174 6100 1790 136 58 600
2182 6141 1800 136 58 605
2182 6187 1810 136 58 609
2175 6236 1820 135 58 608
2163 6293 1830 136 57 603
2150 6314 1840 136 57 602
2135 6314 1850 136 57 599
2127 6293 1860 138 57 603
2117 6244 1870 138 57 603
2105 6174 1880 138 57 605
2117 6123 1890 139 56 609
2135 6072 1900 138 57 609
2158 6022 1910 138 57 616
2188 5992 1920 138 57 616
2218 5974 1930 136 57 620
2258 5979 1940 136 57 610
2305 5993 1950 135 58 620
2333 6014 1960 135 58 619
2361 6061 1970 135 58 614
2387 6107 1980 135 58 611
2400 6153 1990 135 58 609
2405 6207 2000 135 58 599
2411 6266 2010 135 58 597
2411 6325 2020 136 57 595
2398 6343 2030 136 57 595
2398 6333 2040 139 57 589
2398 6313 2050 139 57 589
2398 6271 2060 139 57 589
2398 6214 2070 140 56 584
2398 6145 2080 140 56 586
2410 6085 2090 140 56 583
2444 6030 2100 138 57 584
2494 5988 2110 138 57 584
2541 5973 2120 139 57 580
2589 5973 2130 138 58 589
2625 5997 2140 138 58 595
2653 6026 2150 139 58 591
2672 6061 2160 139 58 606
2687 6109 2170 139 58 606
2698 6157 2180 139 58 605
2710 6206 2190 141 59 597
2710 6265 2200 141 59 595
2710 6330 2210 141 59 594
2710 6343 2220 142 58 586
2710 6337 2230 142 58 592
2710 6319 2240 142 58 592
2703 6269 2250 143 57 592
2703 6216 2260 143 57 585
2698 6158 2270 143 57 592
2707 6101 2280 143 57 605
2712 6055 2290 143 57 614
2712 6016 2300 143 57 641
2720 5993 2310 142 58 647
2726 5984 2320 142 58 685
2726 5984 2330 141 59 728
2726 5984 2340 141 59 740
2726 6007 2350 141 59 740
2726 6044 2360 141 59 739
2718 6086 2370 141 59 733
2718 6134 2380 141 59 713
2718 6186 2390 141 59 705
2728 6253 2400 141 59 697
2744 6282 2410 142 58 699
2762 6287 2420 143 59 687
2782 6287 2430 143 59 687
2807 6287 2440 144 58 684
2836 6275 2450 146 58 687
2874 6256 2460 146 58 682
2928 6263 2470 146 58 682
2991 6270 2480 147 58 675
3038 6278 2490 147 58 673
3078 6290 2500 147 58 673
3113 6305 2510 147 58 675
3132 6317 2520 147 58 681
3132 6332 2530 147 58 688
3132 6348 2540 147 58 688
3113 6360 2550 146 57 691
3087 6365 2560 146 57 702
3055 6357 2570 146 57 691
3021 6330 2580 146 57 691
2980 6291 2590 147 58 693
2933 6247 2600 147 58 699
2892 6190 2610 147 58 707
2860 6125 2620 147 58 708
2853 6077 2630 146 58 713
2859 6039 2640 146 58 714
2871 6007 2650 146 58 717
2894 5981 2660 145 59 719
2925 5974 2670 145 59 724
2965 5980 2680 145 59 720
3005 5999 2690 144 60 733
3041 6028 2700 144 60 724
3073 6064 2710 144 60 722
3094 6112 2720 144 60 724
3108 6169 2730 142 59 722
3118 6233 2740 142 59 719
3112 6297 2750 143 59 728
3106 6320 2760 143 59 728
3100 6315 2770 144 58 730
3092 6303 2780 144 58 728
3081 6259 2790 144 58 740
3068 6195 2800 146 57 757
3068 6138 2810 146 57 754
3085 6095 2820 146 57 759
3112 6061 2830 146 57 759
3150 6034 2840 144 58 753
3198 6022 2850 144 58 714
3253 6022 2860 143 57 535
