147
5905 4633 0 128 61 47
5941 4780 10 129 61 100
5941 4840 20 129 61 202
5941 4876 30 131 61 297
5941 4895 40 132 61 334
5936 4895 50 134 61 369
5936 4852 60 135 60 414
5936 4784 70 135 60 458
5923 4655 80 135 60 468
5901 4526 90 135 60 474
5896 4419 100 134 61 468
5901 4328 110 134 61 477
5917 4274 120 132 61 470
5928 4244 130 129 61 486
5936 4231 140 129 61 522
5936 4238 150 127 62 538
5936 4280 160 127 62 540
5919 4346 170 126 61 546
5892 4442 180 126 61 530
5853 4548 190 126 61 520
5805 4661 200 126 61 512
5759 4763 210 126 61 516
5713 4859 220 126 61 539
5688 4907 230 126 60 562
5675 4925 240 128 59 570
5675 4925 250 128 59 570
5675 4915 260 129 59 580
5700 4875 270 130 58 581
5732 4814 280 130 58 586
5781 4747 290 131 57 584
5831 4692 300 130 58 584
5885 4661 310 131 58 586
5941 4643 320 129 59 584
5994 4659 330 128 59 588
6037 4701 340 129 60 589
6076 4760 350 128 61 603
6088 4831 360 128 61 620
6088 4904 370 129 60 649
6088 4979 380 129 60 699
6088 4994 390 131 60 721
6088 4983 400 131 60 721
6088 4955 410 132 59 727
6088 4878 420 132 59 730
6082 4761 430 134 58 737
6069 4618 440 132 59 740
6081 4499 450 132 59 746
6096 4397 460 131 60 743
6121 4306 470 131 60 745
6144 4241 480 129 60 749
6164 4209 490 128 61 746
6170 4199 500 128 61 746
6178 4207 510 125 60 748
6188 4267 520 125 60 739
6203 4363 530 125 60 733
6221 4491 540 125 60 714
6246 4634 550 124 60 713
6294 4788 560 124 60 719
6355 4891 570 124 60 733
6400 4929 580 125 59 720
6417 4923 590 127 59 721
6417 4909 600 127 59 733
6425 4852 610 128 58 737
6425 4767 620 128 58 742
6425 4656 630 128 58 751
6387 4544 640 128 58 752
6351 4435 650 128 58 757
6300 4351 660 127 59 759
6238 4280 670 125 59 797
6174 4234 680 124 60 793
6110 4220 690 124 60 791
6047 4227 700 124 60 791
6007 4270 710 125 60 762
5990 4356 720 123 61 743
5990 4470 730 123 61 714
6016 4611 740 124 62 667
6085 4746 750 124 62 693
6181 4877 760 126 61 703
6264 4877 770 126 61 707
6326 4877 780 128 61 719
6373 4827 790 128 61 730
6411 4750 800 128 61 733
6419 4640 810 129 60 743
6407 4512 820 128 59 755
6360 4373 830 126 60 763
6270 4231 840 126 60 797
6152 4132 850 126 60 824
6026 4061 860 125 60 837
5897 4001 870 123 61 848
5765 3984 880 123 61 846
5680 3997 890 123 61 799
5639 4042 900 123 61 790
5628 4139 910 123 61 751
5662 4272 920 123 61 727
5756 4436 930 123 61 748
5889 4550 940 124 62 780
6026 4630 950 124 62 787
6141 4651 960 124 62 791
6240 4639 970 124 62 794
6330 4605 980 124 62 791
6393 4541 990 124 62 790
6439 4464 1000 126 62 783
6439 4378 1010 126 62 783
6392 4292 1020 126 62 799
6308 4212 1030 126 62 805
6161 4141 1040 124 62 822
5990 4076 1050 124 62 857
5804 4037 1060 124 62 861
5674 4037 1070 124 62 852
5616 4062 1080 124 62 828
5607 4127 1090 126 62 796
5680 4231 1100 126 62 787
5829 4361 1110 126 62 788
6028 4457 1120 127 63 811
6219 4513 1130 127 63 821
6399 4543 1140 127 63 811
6531 4536 1150 129 64 803
6634 4524 1160 129 64 796
6678 4490 1170 129 64 790
6665 4443 1180 130 65 809
6614 4386 1190 130 65 827
6486 4328 1200 130 65 858
6300 4267 1210 129 64 869
6076 4211 1220 129 64 905
5914 4195 1230 129 64 915
5820 4204 1240 129 64 911
5772 4242 1250 129 64 894
5800 4297 1260 129 64 903
5892 4363 1270 130 65 900
6027 4424 1280 130 65 900
6185 4467 1290 130 65 900
6331 4499 1300 130 65 900
6468 4508 1310 130 65 887
6522 4502 1320 132 65 879
6522 4487 1330 132 65 882
6480 4465 1340 132 65 879
6342 4426 1350 132 65 891
6104 4376 1360 130 66 911
5799 4299 1370 128 65 989
5483 4247 1380 128 65 1023
5285 4211 1390 128 65 1023
5166 4194 1400 128 65 1023
5177 4194 1410 128 65 1023
5313 4194 1420 128 65 1023
5533 4223 1430 128 65 1023
5906 4280 1440 130 65 1023
6297 4357 1450 132 65 951
6699 4444 1460 132 65 337
