268
6063 4576 0 148 65 18
6213 4590 10 145 65 209
6248 4596 20 145 65 218
6259 4596 30 144 66 255
6281 4580 40 142 66 292
6303 4570 50 144 67 356
6308 4565 60 142 68 467
6302 4565 70 145 68 556
6302 4565 80 143 69 613
6279 4560 90 143 69 636
6250 4551 100 143 69 641
6161 4522 110 145 70 653
6030 4480 120 145 70 665
5872 4422 130 147 69 670
5653 4360 140 147 69 664
5415 4279 150 147 69 672
5165 4187 160 145 68 675
4914 4097 170 145 68 679
4694 4010 180 144 67 684
4494 3941 190 142 66 694
4390 3884 200 140 66 691
4354 3861 210 137 66 673
4363 3861 220 135 65 666
4401 3870 230 135 65 676
4535 3901 240 133 65 696
4732 3976 250 133 65 728
4996 4081 260 135 65 731
5305 4219 270 135 65 774
5643 4353 280 137 66 790
5981 4484 290 139 67 794
6272 4577 300 140 67 750
6531 4646 310 142 68 664
6722 4699 320 146 67 527
6847 4733 330 146 67 222
6847 4733 340 148 68 0
6923 4745 350 151 68 0
6841 4733 360 151 68 0
6708 4721 370 151 68 0
6547 4702 380 152 68 0
6348 4672 390 152 68 0
6123 4636 400 151 66 0
5898 4580 410 149 66 0
5672 4522 420 147 65 0
5515 4462 430 146 64 0
5515 4462 440 145 64 542
5361 4365 450 143 63 585
5295 4346 460 140 63 585
5215 4329 470 140 63 586
5202 4310 480 137 63 580
5202 4305 490 137 63 592
5209 4312 500 135 64 622
5209 4312 510 135 64 644
5216 4318 520 133 65 639
5224 4340 530 133 65 636
5233 4375 540 133 65 611
5208 4413 550 132 65 592
5161 4458 560 132 65 567
5080 4509 570 130 65 554
4998 4558 580 130 65 562
4915 4605 590 130 65 565
4855 4651 600 130 65 567
4821 4670 610 130 65 564
4804 4675 620 130 65 556
4811 4670 630 129 64 559
4852 4655 640 129 64 565
4916 4637 650 129 64 561
5017 4617 660 129 64 586
5150 4638 670 129 64 594
5305 4686 680 129 64 620
5437 4751 690 127 63 619
5532 4829 700 129 64 610
5603 4911 710 129 64 614
5642 4997 720 130 63 599
5642 5068 730 130 63 595
5627 5124 740 133 63 586
5589 5171 750 135 63 592
5542 5197 760 137 62 595
5489 5178 770 138 61 605
5436 5130 780 138 61 614
5372 5012 790 139 61 620
5301 4821 800 138 61 641
5239 4581 810 136 61 662
5180 4319 820 135 62 670
5168 4104 830 133 62 678
5185 3920 840 130 62 696
5216 3824 850 127 63 700
5258 3767 860 125 64 722
5308 3735 870 120 64 757
5365 3740 880 119 64 779
5425 3793 890 117 65 794
5487 3879 900 115 65 787
5549 3995 910 115 65 797
5588 4133 920 116 66 777
5614 4285 930 116 66 765
5629 4460 940 118 65 762
5629 4598 950 119 66 768
5624 4711 960 121 66 774
5624 4776 970 123 65 783
5616 4793 980 126 66 790
5604 4779 990 128 65 793
5588 4727 1000 128 65 793
5563 4619 1010 130 65 793
5546 4474 1020 130 65 791
5534 4349 1030 129 64 791
5547 4265 1040 129 64 788
5577 4209 1050 127 64 791
5618 4193 1060 127 64 796
5669 4208 1070 125 65 797
5735 4244 1080 125 65 796
5810 4336 1090 126 66 794
5865 4438 1100 126 66 794
5901 4548 1110 126 66 776
5923 4656 1120 128 66 753
5918 4779 1130 130 67 731
5906 4911 1140 130 67 739
5888 5000 1150 133 67 755
5876 5038 1160 135 67 762
5863 5038 1170 137 66 762
5835 5005 1180 138 65 763
5797 4895 1190 140 65 771
5758 4737 1200 138 64 771
5729 4568 1210 138 64 771
5729 4408 1220 138 64 777
5748 4307 1230 135 64 776
5798 4244 1240 133 65 785
5851 4222 1250 132 65 791
5919 4244 1260 130 66 797
5996 4295 1270 128 66 785
6067 4399 1280 128 66 779
6120 4518 1290 130 67 774
6162 4648 1300 130 67 754
6178 4794 1310 130 67 754
6178 4938 1320 130 67 751
6161 5080 1330 131 67 751
6152 5166 1340 135 67 768
6141 5198 1350 137 66 797
6130 5198 1360 140 65 783
6123 5188 1370 141 64 797
6098 5112 1380 143 63 784
6062 4990 1390 143 63 785
6039 4835 1400 143 63 788
6039 4679 1410 143 63 788
6049 4579 1420 141 64 790
6081 4517 1430 140 65 787
6117 4485 1440 138 65 788
6161 4485 1450 135 65 790
6209 4498 1460 131 67 788
6256 4540 1470 130 67 784
6288 4594 1480 130 67 784
6310 4657 1490 130 67 779
6310 4718 1500 130 67 773
6292 4774 1510 130 67 762
6266 4822 1520 131 67 763
6248 4843 1530 131 67 760
6234 4843 1540 133 66 753
6234 4843 1550 135 65 758
6248 4815 1560 135 65 760
6297 4773 1570 137 66 757
6352 4723 1580 138 65 763
6421 4688 1590 138 65 750
6498 4664 1600 137 66 751
6572 4649 1610 137 66 759
6625 4637 1620 139 67 759
6664 4628 1630 137 67 765
6670 4622 1640 137 67 788
6658 4616 1650 137 67 783
6633 4584 1660 137 67 794
6539 4535 1670 137 67 787
6399 4475 1680 137 67 771
6228 4402 1690 137 67 780
6015 4321 1700 137 67 748
5760 4235 1710 137 67 753
5477 4134 1720 137 67 758
5224 4024 1730 135 67 751
5040 3919 1740 131 67 753
4903 3820 1750 130 66 763
4846 3726 1760 128 65 755
4823 3671 1770 126 66 754
4823 3634 1780 123 65 755
4838 3610 1790 121 66 760
4885 3601 1800 118 65 767
4953 3646 1810 116 66 791
5052 3727 1820 116 66 791
5162 3870 1830 116 66 800
5280 4021 1840 116 66 791
5349 4177 1850 118 65 790
5387 4348 1860 118 65 751
5404 4524 1870 120 65 716
5394 4703 1880 122 65 664
5368 4895 1890 124 64 662
5331 5028 1900 125 64 664
5313 5123 1910 129 63 707
5301 5154 1920 130 62 716
5301 5146 1930 132 61 719
5295 5112 1940 134 61 722
5295 4990 1950 135 60 728
5295 4754 1960 135 60 730
5306 4443 1970 135 60 731
5350 4133 1980 134 61 720
5411 3918 1990 132 61 722
5482 3767 2000 130 62 739
5557 3696 2010 129 64 753
5631 3679 2020 125 65 780
5691 3697 2030 123 65 784
5742 3747 2040 122 67 803
5778 3830 2050 120 67 808
5792 3936 2060 119 68 796
5792 4057 2070 119 68 784
5760 4206 2080 123 69 740
5700 4375 2090 123 69 733
5620 4524 2100 125 68 748
5543 4627 2110 128 68 770
5488 4699 2120 130 67 787
5447 4699 2130 130 66 788
5435 4699 2140 132 65 780
5449 4692 2150 132 65 785
5481 4678 2160 133 65 794
5570 4650 2170 133 65 793
5708 4629 2180 135 65 794
5878 4629 2190 137 65 799
6054 4650 2200 137 65 826
6237 4669 2210 138 65 819
6405 4687 2220 140 66 819
6561 4693 2230 140 66 827
6614 4693 2240 142 66 811
6614 4677 2250 142 66 805
6570 4646 2260 142 66 785
6458 4570 2270 142 66 785
6274 4469 2280 142 66 763
6043 4335 2290 142 66 788
5740 4180 2300 142 66 814
5440 4011 2310 142 66 837
5142 3876 2320 139 67 855
4970 3781 2330 137 66 860
4911 3713 2340 137 66 858
4927 3713 2350 133 66 863
5012 3759 2360 133 66 864
5178 3835 2370 130 66 900
5398 3960 2380 130 66 927
5657 4097 2390 130 66 948
5934 4243 2400 130 66 941
6223 4389 2410 131 67 955
6451 4483 2420 133 66 955
6578 4543 2430 135 67 944
6637 4543 2440 137 67 944
6624 4543 2450 139 67 941
6533 4480 2460 140 67 911
6389 4383 2470 140 67 900
6154 4230 2480 142 66 906
5872 4073 2490 142 66 908
5558 3911 2500 140 67 935
5299 3747 2510 139 67 940
5159 3646 2520 137 66 937
5097 3618 2530 135 67 950
5133 3639 2540 131 67 943
5255 3684 2550 130 66 985
5433 3790 2560 128 66 1020
5669 3938 2570 128 66 1023
5943 4067 2580 128 66 1023
6242 4195 2590 128 66 1023
6513 4318 2600 131 67 1023
6725 4410 2610 135 67 1023
6897 4482 2620 137 67 1023
6975 4501 2630 140 67 1023
6997 4501 2640 142 68 991
6981 4494 2650 145 68 873
6925 4480 2660 147 69 721
6847 4448 2670 147 69 345
