133
5457 2040 0 87 52 335
5425 1976 10 89 52 312
5470 1953 20 90 53 374
5464 1941 30 90 53 436
5424 1941 40 90 53 446
5432 1941 50 90 53 485
5440 1980 60 91 53 527
5452 2032 70 91 54 568
5464 2146 80 91 54 567
5479 2303 90 91 54 569
5490 2488 100 91 55 574
5502 2714 110 91 55 575
5515 2935 120 93 55 594
5532 3046 130 93 56 611
5532 3086 140 94 56 614
5532 3081 150 94 56 619
5532 3026 160 94 56 610
5532 2939 170 96 56 628
5558 2744 180 96 57 630
5602 2498 190 96 57 619
5670 2217 200 96 57 572
5739 1961 210 98 57 536
5797 1834 220 98 57 539
5847 1794 230 98 57 544
5889 1805 240 98 58 550
5919 1879 250 98 58 570
5940 1995 260 96 58 570
5960 2182 270 96 58 572
5960 2387 280 96 58 568
5949 2604 290 95 59 546
5931 2850 300 95 59 560
5915 2966 310 95 59 597
5902 2995 320 95 59 617
5890 2981 330 95 59 628
5883 2884 340 95 59 614
5883 2733 350 95 60 619
5906 2520 360 93 60 616
5938 2334 370 93 60 597
5995 2167 380 93 60 581
6051 2066 390 93 60 583
6104 2031 400 93 60 561
6141 2040 410 93 60 561
6169 2089 420 93 60 564
6196 2195 430 93 60 567
6208 2338 440 93 60 556
6208 2486 450 93 60 545
6185 2661 460 93 60 546
6156 2853 470 93 60 570
6123 2964 480 93 60 622
6097 2987 490 93 60 642
6072 2952 500 93 60 643
6053 2885 510 93 60 646
6066 2776 520 93 60 644
6097 2640 530 93 60 650
6157 2494 540 93 60 641
6226 2332 550 95 60 620
6301 2160 560 95 60 585
6363 2053 570 95 60 591
6411 2019 580 95 60 586
6449 2034 590 95 60 585
6482 2110 600 95 61 608
6506 2205 610 95 61 614
6523 2312 620 94 61 608
6508 2379 630 94 61 625
6463 2408 640 94 61 616
6399 2408 650 94 61 628
6282 2384 660 94 61 641
6125 2333 670 94 61 673
5942 2265 680 94 61 667
5724 2174 690 94 61 725
5489 2057 700 94 61 731
5242 1922 710 94 61 787
5014 1787 720 95 61 802
4864 1684 730 97 61 826
4765 1602 740 97 61 783
4740 1573 750 97 61 755
4799 1597 760 99 61 748
4913 1657 770 99 61 751
5115 1791 780 99 61 755
5362 1941 790 101 61 760
5638 2101 800 101 61 755
5892 2247 810 101 61 758
6071 2363 820 102 60 761
6200 2460 830 102 59 750
6263 2509 840 102 59 791
6275 2538 850 102 60 818
6252 2554 860 102 60 812
6209 2611 870 102 60 799
6150 2696 880 102 60 742
6079 2800 890 102 60 658
6003 2980 900 103 61 613
5926 3177 910 105 61 620
5849 3385 920 105 61 633
5745 3459 930 107 61 647
5642 3444 940 107 61 667
5539 3370 950 107 61 673
5483 3245 960 108 61 670
5500 3066 970 108 61 690
5565 2850 980 110 60 694
5722 2588 990 110 60 682
5904 2353 1000 109 60 638
6103 2135 1010 111 59 624
6207 1988 1020 111 59 668
6239 1917 1030 111 59 664
6239 1917 1040 109 60 656
6163 1867 1050 109 60 642
6066 1874 1060 109 60 641
5944 1906 1070 108 60 622
5785 1977 1080 108 60 614
5573 2050 1090 106 60 649
5325 2125 1100 106 60 653
5072 2107 1110 106 60 700
4842 2017 1120 106 60 731
4667 1878 1130 106 60 763
4520 1761 1140 106 60 755
4505 1725 1150 106 60 740
4589 1743 1160 106 60 756
4739 1783 1170 106 60 794
4975 1934 1180 106 60 858
5319 2159 1190 106 60 900
5734 2436 1200 106 60 926
6148 2681 1210 108 60 944
6478 2906 1220 108 60 982
6752 3032 1230 108 60 994
6895 3091 1240 108 61 1020
6953 3105 1250 108 61 1023
6953 3105 1260 108 61 1023
6953 3105 1270 109 62 1023
6953 3105 1280 109 62 1023
6953 3099 1290 110 63 1023
6948 3099 1300 111 64 958
6948 3093 1310 111 64 830
6940 3086 1320 112 64 518
