705
8326 7918 0 131 57 158
8326 7947 10 131 57 292
8326 7964 20 131 57 404
8326 7975 30 132 58 502
8326 7983 40 131 58 526
8326 7983 50 131 58 516
8326 7983 60 131 58 522
8332 7971 70 131 58 527
8337 7926 80 131 58 518
8322 7860 90 131 58 512
8294 7793 100 131 58 516
8266 7741 110 131 58 517
8260 7700 120 131 58 488
8269 7689 130 129 59 468
8293 7709 140 128 58 472
8339 7750 150 128 58 477
8399 7827 160 128 58 483
8443 7922 170 127 57 488
8460 8030 180 127 57 493
8460 8114 190 127 57 489
8432 8172 200 127 57 507
8370 8214 210 127 57 512
8284 8228 220 127 57 522
8171 8211 230 130 58 513
8064 8174 240 130 58 518
7960 8139 250 131 58 516
7934 8123 260 132 58 522
7956 8123 270 134 58 546
8009 8129 280 134 58 554
8112 8161 290 134 58 564
8277 8208 300 134 58 559
8484 8271 310 134 58 507
8702 8340 320 134 58 260
8702 8340 330 132 59 0
9078 8469 340 131 58 0
9185 8486 350 131 58 0
9200 8477 360 131 58 0
9155 8429 370 130 58 0
9071 8377 380 128 57 0
8983 8307 390 127 56 0
8875 8227 400 126 56 0
8754 8136 410 125 56 0
8656 8043 420 125 56 0
8563 7953 430 124 55 0
8478 7866 440 124 55 0
8414 7790 450 124 55 0
8362 7735 460 126 56 0
8344 7693 470 127 55 0
8354 7693 480 129 55 0
8382 7699 490 130 54 0
8408 7719 500 131 54 0
8445 7735 510 131 54 0
8488 7754 520 131 52 0
8449 7776 530 131 52 0
8433 7785 540 131 54 0
8433 7790 550 130 54 0
8417 7790 560 130 54 0
8401 7785 570 129 55 0
8390 7779 580 129 55 0
8383 7772 590 130 55 0
8374 7762 600 130 55 0
8367 7752 610 130 55 0
8367 7744 620 130 55 0
8367 7737 630 130 55 0
8372 7732 640 130 55 0
8378 7732 650 129 56 0
8387 7732 660 129 56 0
8395 7725 670 129 56 0
8395 7725 680 129 56 0
8395 7719 690 129 56 0
8403 7719 700 129 56 0
8403 7714 710 129 56 0
8403 7714 720 129 56 0
8403 7714 730 129 56 0
8403 7720 740 129 56 0
8403 7720 750 127 56 0
8403 7726 760 127 56 0
8403 7726 770 127 56 0
8403 7726 780 127 56 0
8403 7726 790 127 56 0
8403 7726 800 126 57 0
8403 7726 810 126 57 60
8403 7726 820 127 57 108
8403 7726 830 127 57 139
8403 7726 840 127 57 167
8417 7718 850 127 57 179
8436 7730 860 127 57 187
8463 7748 870 127 57 170
8491 7770 880 127 57 183
8513 7794 890 127 57 191
8529 7820 900 127 57 216
8529 7834 910 127 57 273
8529 7845 920 128 57 324
8529 7850 930 128 57 373
8517 7850 940 128 57 389
8509 7844 950 130 56 389
8498 7836 960 130 56 391
8485 7810 970 130 56 391
8473 7784 980 130 56 393
8468 7757 990 130 56 376
8468 7737 1000 130 56 364
8468 7722 1010 128 57 333
8481 7715 1020 128 57 317
8503 7715 1030 128 57 226
8532 7730 1040 127 57 13
8532 7730 1050 127 57 0
8584 7768 1060 127 57 0
8596 7787 1070 127 57 0
8602 7807 1080 128 58 0
8602 7827 1090 130 58 0
8602 7849 1100 130 58 0
8602 7873 1110 131 57 0
8596 7891 1120 131 57 0
8596 7909 1130 132 57 0
8590 7924 1140 132 57 0
8590 7924 1150 132 57 200
8572 7949 1160 134 57 361
8564 7956 1170 134 57 491
8559 7956 1180 134 57 520
8559 7956 1190 132 58 502
8559 7956 1200 132 58 420
8559 7947 1210 132 58 200
8559 7947 1220 132 58 0
8578 7895 1230 132 58 0
8595 7877 1240 132 58 0
8613 7865 1250 132 58 0
8636 7857 1260 134 57 0
8658 7849 1270 134 57 0
8673 7849 1280 134 57 0
8685 7844 1290 134 57 0
8685 7844 1300 135 57 0
8685 7844 1310 135 57 0
8678 7851 1320 135 57 0
8678 7851 1330 135 57 60
8653 7851 1340 135 57 127
8632 7841 1350 134 57 191
8607 7824 1360 134 57 226
8581 7797 1370 134 57 256
8553 7764 1380 134 57 245
8538 7727 1390 131 57 242
8538 7701 1400 131 57 244
8543 7682 1410 131 57 279
8566 7674 1420 130 58 274
8604 7683 1430 130 58 280
8652 7703 1440 130 58 282
8700 7732 1450 130 58 279
8738 7761 1460 130 58 275
8769 7788 1470 130 58 280
8780 7813 1480 131 58 314
8780 7823 1490 131 58 376
8767 7830 1500 131 58 436
8745 7830 1510 132 58 468
8719 7817 1520 132 58 491
8690 7792 1530 132 58 499
8669 7763 1540 132 58 494
8654 7733 1550 132 58 491
8654 7704 1560 132 58 496
8668 7684 1570 131 58 485
8693 7670 1580 131 58 480
8734 7675 1590 130 58 472
8785 7693 1600 130 58 469
8827 7719 1610 131 58 458
8853 7742 1620 131 58 458
8869 7762 1630 131 58 461
8869 7774 1640 132 59 478
8869 7774 1650 132 59 504
8856 7774 1660 132 59 512
8843 7774 1670 132 59 519
8830 7759 1680 132 59 529
8816 7737 1690 132 59 530
8816 7717 1700 132 59 529
8827 7696 1710 132 59 530
8848 7687 1720 132 59 526
8883 7687 1730 132 59 516
8927 7698 1740 132 59 501
8975 7720 1750 131 60 483
9007 7747 1760 131 60 474
9027 7762 1770 132 60 469
9027 7762 1780 132 60 468
9027 7762 1790 132 60 465
9013 7745 1800 132 60 467
9000 7725 1810 134 61 467
8994 7708 1820 134 61 473
9002 7695 1830 134 61 443
9018 7689 1840 134 61 291
9040 7689 1850 134 61 41
9040 7689 1860 134 61 0
9095 7727 1870 134 61 0
9121 7752 1880 134 61 0
9147 7778 1890 134 61 0
9165 7808 1900 132 60 0
9178 7848 1910 132 60 0
9195 7896 1920 132 60 0
9214 7966 1930 132 59 0
9235 8032 1940 131 58 0
9249 8092 1950 131 58 0
9259 8125 1960 130 58 0
9259 8142 1970 130 58 0
9259 8142 1980 130 58 5
9259 8142 1990 130 56 158
9230 8154 2000 130 56 226
9213 8130 2010 130 56 249
9194 8081 2020 131 57 336
9166 8013 2030 131 57 362
9133 7915 2040 132 57 371
9105 7833 2050 132 58 371
9105 7761 2060 132 58 371
9122 7728 2070 134 58 371
9156 7720 2080 132 59 367
9202 7730 2090 132 59 354
9256 7762 2100 131 60 340
9298 7794 2110 131 60 327
9323 7823 2120 131 60 319
9336 7845 2130 131 60 332
9336 7855 2140 131 60 344
9322 7855 2150 131 60 359
9302 7839 2160 131 60 391
9273 7811 2170 132 59 399
9248 7769 2180 132 59 394
9248 7735 2190 132 59 397
9258 7706 2200 131 60 396
9301 7685 2210 131 60 353
9349 7685 2220 131 60 113
9349 7685 2230 128 59 0
9454 7710 2240 128 59 0
9471 7731 2250 128 59 0
9471 7752 2260 128 59 0
9454 7774 2270 128 59 0
9428 7807 2280 128 58 0
9393 7841 2290 128 58 0
9344 7875 2300 130 58 0
9289 7899 2310 130 58 0
9230 7917 2320 131 57 0
9184 7926 2330 131 57 0
9141 7926 2340 132 57 0
9141 7926 2350 132 57 151
9091 7926 2360 132 57 319
9091 7926 2370 132 58 447
9091 7926 2380 132 58 491
9100 7926 2390 132 58 522
9124 7918 2400 132 58 516
9157 7911 2410 134 58 467
9198 7904 2420 134 58 249
9198 7904 2430 134 58 0
9340 7911 2440 134 58 0
9415 7918 2450 134 58 0
9491 7929 2460 134 58 0
9568 7943 2470 131 58 0
9568 7943 2480 130 58 0
9560 7943 2490 127 57 0
9548 7955 2500 126 58 0
9539 7975 2510 124 58 0
9533 7998 2520 123 58 0
9533 8024 2530 123 58 0
9543 8057 2540 124 57 0
9554 8087 2550 124 57 0
9554 8087 2560 126 57 67
9570 8126 2570 126 57 148
9570 8135 2580 127 56 219
9570 8135 2590 127 56 282
9559 8119 2600 127 56 309
9544 8086 2610 129 56 319
9527 8032 2620 129 56 320
9510 7963 2630 129 56 324
9486 7892 2640 129 56 312
9457 7824 2650 127 56 309
9436 7786 2660 128 57 297
9417 7767 2670 128 57 291
9398 7757 2680 128 57 292
9379 7757 2690 130 58 301
9360 7757 2700 130 58 307
9350 7766 2710 130 58 320
9340 7766 2720 131 58 322
9340 7766 2730 131 58 329
9348 7766 2740 131 58 327
9356 7766 2750 131 58 329
9378 7753 2760 131 58 329
9409 7747 2770 131 58 335
9443 7747 2780 129 59 330
9480 7747 2790 129 59 325
9522 7747 2800 129 59 292
9564 7747 2810 129 59 247
9606 7759 2820 129 59 172
9638 7777 2830 129 59 144
9665 7792 2840 129 59 142
9665 7805 2850 129 59 158
9665 7814 2860 129 59 230
9652 7820 2870 129 59 284
9636 7820 2880 129 59 351
9621 7825 2890 131 58 461
9610 7825 2900 131 58 527
9604 7825 2910 131 58 551
9588 7810 2920 131 58 562
9566 7783 2930 131 58 565
9551 7747 2940 131 58 559
9551 7729 2950 131 58 530
9560 7720 2960 128 58 494
9572 7720 2970 128 58 481
9598 7725 2980 128 58 458
9632 7741 2990 128 58 452
9654 7763 3000 128 58 455
9663 7772 3010 128 58 471
9663 7778 3020 128 58 496
9663 7778 3030 128 58 517
9653 7778 3040 128 58 527
9642 7764 3050 128 58 529
9634 7750 3060 128 58 526
9634 7737 3070 128 58 504
9634 7727 3080 128 58 448
9649 7718 3090 128 58 291
9649 7718 3100 129 59 0
9711 7728 3110 129 59 0
9750 7748 3120 129 59 0
9794 7770 3130 129 59 0
9831 7792 3140 131 60 0
9864 7809 3150 131 60 0
9880 7821 3160 131 60 0
9880 7827 3170 132 60 0
9880 7827 3180 132 60 107
9880 7827 3190 132 60 304
9880 7827 3200 132 60 465
9880 7827 3210 132 60 567
9860 7854 3220 132 60 613
9854 7854 3230 134 60 636
9854 7854 3240 134 60 641
9854 7854 3250 134 60 643
9848 7854 3260 132 59 637
9840 7832 3270 132 59 636
9822 7798 3280 131 60 586
9800 7756 3290 131 60 529
9774 7713 3300 129 59 445
9762 7667 3310 128 59 341
9750 7619 3320 128 59 249
9726 7568 3330 125 59 161
9693 7515 3340 125 59 151
9655 7470 3350 125 59 226
9620 7430 3360 124 58 334
9586 7410 3370 124 58 420
9574 7410 3380 124 58 470
9564 7422 3390 123 58 522
9564 7437 3400 123 58 538
9581 7467 3410 124 57 537
9619 7508 3420 124 57 544
9680 7567 3430 124 57 483
9760 7632 3440 124 58 223
9760 7632 3450 124 58 0
9972 7765 3460 124 58 0
10068 7826 3470 124 58 0
10148 7853 3480 124 58 0
10202 7860 3490 124 58 0
10252 7844 3500 123 58 0
10300 7824 3510 124 57 0
10328 7797 3520 123 56 0
10333 7767 3530 124 55 0
10322 7738 3540 123 55 0
10286 7716 3550 124 54 0
10231 7699 3560 123 53 0
10164 7688 3570 124 53 0
10101 7688 3580 124 53 0
10054 7688 3590 124 53 0
10017 7700 3600 125 53 0
9995 7715 3610 125 53 0
9987 7733 3620 127 53 0
9987 7752 3630 127 53 0
10001 7772 3640 126 54 0
10012 7793 3650 126 54 0
10012 7793 3660 127 55 48
10029 7820 3670 127 56 251
10023 7827 3680 127 56 364
10007 7821 3690 126 57 423
9986 7806 3700 126 57 467
9957 7773 3710 124 57 486
9922 7733 3720 126 58 480
9909 7689 3730 126 58 472
9932 7663 3740 126 58 465
9978 7663 3750 126 58 469
10034 7689 3760 126 58 466
10078 7732 3770 126 58 469
10114 7776 3780 126 58 468
10126 7822 3790 127 59 460
10126 7865 3800 127 59 460
10118 7905 3810 127 59 465
10102 7930 3820 127 59 504
10087 7947 3830 128 59 527
10075 7947 3840 128 59 529
10075 7947 3850 129 60 526
10080 7939 3860 129 60 512
10101 7931 3870 128 61 522
10130 7922 3880 128 61 512
10172 7931 3890 128 61 499
10216 7951 3900 128 61 502
10251 7971 3910 128 61 504
10279 7990 3920 126 60 510
10288 8006 3930 126 60 546
10288 8017 3940 125 59 586
10275 8017 3950 125 59 614
10260 8017 3960 125 59 619
10230 7988 3970 124 58 619
10190 7946 3980 124 58 613
10160 7885 3990 126 58 613
10133 7824 4000 126 58 616
10115 7763 4010 126 58 611
10115 7725 4020 126 58 606
10135 7701 4030 126 58 591
10159 7695 4040 124 58 574
10187 7707 4050 124 58 572
10223 7731 4060 124 58 570
10266 7768 4070 124 58 562
10294 7803 4080 124 58 564
10313 7832 4090 123 58 563
10313 7844 4100 123 58 586
10313 7844 4110 123 58 613
10304 7844 4120 122 57 624
10295 7831 4130 123 56 628
10279 7799 4140 123 56 630
10258 7753 4150 123 56 630
10258 7719 4160 123 56 625
10272 7700 4170 123 56 613
10296 7690 4180 122 57 595
10337 7696 4190 122 57 542
10380 7718 4200 122 57 496
10409 7752 4210 122 57 469
10429 7773 4220 122 57 471
10439 7792 4230 122 57 468
10433 7797 4240 121 56 494
10417 7797 4250 121 56 544
10402 7780 4260 121 56 551
10386 7760 4270 121 56 551
10369 7732 4280 121 56 540
10369 7703 4290 121 56 423
10390 7689 4300 121 56 208
10390 7689 4310 121 56 0
10458 7689 4320 121 56 0
10490 7703 4330 121 56 0
10519 7734 4340 121 56 0
10537 7752 4350 121 56 0
10544 7766 4360 120 55 0
10544 7776 4370 120 55 0
10544 7783 4380 121 55 0
10544 7783 4390 121 55 132
10544 7783 4400 121 55 314
10544 7783 4410 121 55 430
10544 7783 4420 121 55 486
10519 7799 4430 121 55 509
10511 7788 4440 121 55 520
10500 7767 4450 121 55 520
10488 7740 4460 121 55 519
10483 7709 4470 121 55 499
10491 7695 4480 121 55 486
10505 7695 4490 121 55 468
10524 7703 4500 121 55 458
10545 7719 4510 120 55 445
10566 7738 4520 120 55 449
10586 7758 4530 120 55 439
10593 7767 4540 120 55 465
10593 7772 4550 120 55 488
10593 7772 4560 120 55 518
10583 7758 4570 120 55 544
10573 7736 4580 120 55 536
10573 7719 4590 120 55 550
10586 7702 4600 120 55 540
10604 7695 4610 120 55 548
10626 7695 4620 120 55 536
10651 7704 4630 120 55 520
10675 7718 4640 120 55 514
10693 7736 4650 120 55 517
10706 7745 4660 120 55 521
10706 7750 4670 120 55 537
10706 7750 4680 120 55 540
10701 7738 4690 120 55 542
10695 7727 4700 120 55 544
10695 7717 4710 120 55 466
10706 7711 4720 120 55 273
10728 7711 4730 121 56 1
10728 7711 4740 121 56 0
10794 7742 4750 121 56 0
10828 7761 4760 121 56 0
10855 7786 4770 122 57 0
10878 7817 4780 122 57 0
10896 7853 4790 122 57 0
10905 7900 4800 123 58 0
10905 7957 4810 124 57 0
10918 8020 4820 124 57 0
10926 8075 4830 126 58 0
10933 8104 4840 126 58 0
10933 8104 4850 127 59 132
10933 8104 4860 127 59 253
10933 8104 4870 127 59 343
10933 8104 4880 127 59 394
10918 8082 4890 127 59 413
10901 8025 4900 127 59 465
10875 7943 4910 127 59 464
10852 7845 4920 127 59 467
10841 7771 4930 126 58 467
10850 7726 4940 124 58 466
10864 7700 4950 123 58 448
10886 7692 4960 123 58 396
10913 7700 4970 122 57 334
10947 7719 4980 122 57 276
10986 7746 4990 121 56 247
11009 7771 5000 119 56 246
11022 7790 5010 118 56 246
11017 7799 5020 118 56 245
11001 7791 5030 118 56 274
10977 7772 5040 117 55 343
10950 7741 5050 117 55 356
10944 7713 5060 117 55 353
10952 7688 5070 117 55 356
10985 7671 5080 117 55 317
11020 7671 5090 119 54 146
11020 7671 5100 119 54 0
11120 7694 5110 119 54 0
11150 7717 5120 119 54 0
11159 7742 5130 118 54 0
11159 7766 5140 117 53 0
11130 7790 5150 117 53 0
11098 7815 5160 117 53 0
11060 7848 5170 117 52 0
11000 7885 5180 119 51 0
10938 7917 5190 120 52 0
10875 7941 5200 120 52 0
10836 7950 5210 122 54 0
10836 7950 5220 121 55 32
10768 7956 5230 121 55 334
10747 7961 5240 121 56 440
10747 7961 5250 122 57 496
10747 7961 5260 121 58 512
10759 7956 5270 123 59 519
10795 7943 5280 123 59 522
10848 7925 5290 123 59 472
10918 7920 5300 123 59 305
10918 7920 5310 120 58 0
11108 7942 5320 119 58 0
11193 7960 5330 116 57 0
11267 7991 5340 116 56 0
11333 8030 5350 112 55 0
11388 8092 5360 112 54 0
11435 8149 5370 111 53 0
11477 8198 5380 110 52 0
11472 8223 5390 111 51 0
11472 8223 5400 111 51 90
11429 8247 5410 113 52 265
11411 8257 5420 115 52 335
11394 8257 5430 116 53 344
11380 8239 5440 118 54 364
11354 8203 5450 119 54 422
11321 8119 5460 119 54 473
11283 7991 5470 119 54 490
11229 7834 5480 119 54 491
11163 7652 5490 119 54 444
11069 7465 5500 119 54 418
11037 7368 5510 119 54 348
11045 7333 5520 119 54 317
11045 7325 5530 119 54 307
11052 7342 5540 118 54 319
11074 7376 5550 118 54 309
11108 7441 5560 118 54 304
11152 7516 5570 117 53 312
11191 7599 5580 117 53 312
11226 7662 5590 117 53 307
11255 7701 5600 118 54 339
11278 7723 5610 118 54 353
11297 7737 5620 117 54 363
11324 7747 5630 117 55 369
11356 7755 5640 117 55 369
11394 7763 5650 117 55 368
11432 7770 5660 117 55 373
11464 7778 5670 118 56 379
11493 7788 5680 118 56 423
11503 7796 5690 117 56 488
11497 7807 5700 117 56 526
11479 7820 5710 117 56 561
11456 7833 5720 117 56 574
11412 7852 5730 118 56 581
11353 7875 5740 118 56 594
11274 7883 5750 118 56 646
11207 7890 5760 120 55 725
11149 7896 5770 120 55 748
11149 7896 5780 120 54 751
11155 7896 5790 120 54 763
11225 7903 5800 122 54 710
11335 7917 5810 122 54 149
11335 7917 5820 121 55 0
11670 8024 5830 121 55 0
11799 8092 5840 120 55 0
11907 8129 5850 118 56 0
12006 8164 5860 117 56 0
12098 8197 5870 115 55 0
12180 8229 5880 114 55 0
12234 8261 5890 113 54 0
12270 8292 5900 112 53 0
12270 8292 5910 112 53 0
10589 8010 5920 108 60 0
10589 8010 5930 100 68 0
10581 8015 5940 86 76 0
10567 8026 5950 45 80 0
10557 8041 5960 49 81 0
10542 8054 5970 56 79 0
10524 8054 5980 66 78 0
10500 8036 5990 74 75 0
10463 8016 6000 83 73 0
10416 8003 6010 87 70 0
10428 7996 6020 90 67 0
10443 7996 6030 94 64 0
10464 7991 6040 97 61 0
10489 7991 6050 100 60 0
10517 7991 6060 103 58 0
10550 8000 6070 105 59 0
10580 8000 6080 107 59 0
10609 8000 6090 109 59 0
10634 8005 6100 111 59 0
10659 8010 6110 113 59 0
10683 8030 6120 115 60 0
10701 8049 6130 117 59 0
10708 8065 6140 118 59 0
10708 8082 6150 118 59 0
10708 8099 6160 118 59 0
10702 8114 6170 120 58 0
10702 8150 6180 120 58 0
10687 8201 6190 121 58 0
10667 8244 6200 123 58 0
10640 8292 6210 123 58 0
10603 8343 6220 123 58 0
10547 8396 6230 124 57 0
10478 8447 6240 124 57 0
10386 8493 6250 124 57 0
10275 8529 6260 126 57 0
10151 8555 6270 124 57 0
10151 8555 6280 124 57 44
9881 8571 6290 124 57 83
9724 8554 6300 126 58 113
9583 8518 6310 126 58 160
9429 8461 6320 126 58 171
9265 8391 6330 126 58 256
9116 8306 6340 126 58 277
8994 8216 6350 128 58 324
8889 8113 6360 128 58 339
8806 7994 6370 128 58 341
8765 7865 6380 130 58 344
8752 7750 6390 130 58 348
8772 7636 6400 130 58 344
8834 7523 6410 130 58 349
8923 7416 6420 130 58 349
9033 7328 6430 130 58 353
9168 7255 6440 130 58 339
9319 7205 6450 131 57 338
9490 7174 6460 131 57 340
9661 7156 6470 131 57 335
9833 7156 6480 130 56 327
10017 7170 6490 131 56 332
10168 7187 6500 131 56 332
10296 7270 6510 131 56 329
10415 7351 6520 130 56 322
10506 7459 6530 130 56 304
10578 7587 6540 130 56 304
10613 7718 6550 130 56 310
10607 7848 6560 129 56 341
10573 7972 6570 127 56 373
10504 8087 6580 126 56 363
10411 8174 6590 126 56 325
10301 8243 6600 126 56 247
10178 8288 6610 126 56 211
10038 8298 6620 127 56 235
9886 8285 6630 127 56 259
9724 8251 6640 127 56 296
9574 8187 6650 127 56 309
9456 8102 6660 127 56 325
9354 8003 6670 127 56 337
9298 7905 6680 127 56 337
9280 7808 6690 127 56 327
9287 7740 6700 127 56 319
9322 7689 6710 128 57 324
9384 7657 6720 127 57 324
9463 7643 6730 127 57 339
9536 7643 6740 127 57 339
9596 7643 6750 127 57 353
9646 7638 6760 127 57 386
9664 7630 6770 127 57 404
9664 7613 6780 127 57 423
9664 7588 6790 127 57 423
9649 7553 6800 127 57 417
9638 7514 6810 127 57 415
9627 7484 6820 127 57 398
9635 7459 6830 127 57 384
9659 7446 6840 127 57 387
9693 7446 6850 128 57 387
9733 7454 6860 130 58 388
9767 7470 6870 130 58 423
9783 7485 6880 130 58 496
9789 7485 6890 131 57 539
9783 7485 6900 131 57 570
9773 7475 6910 131 57 565
9760 7465 6920 131 57 556
9750 7454 6930 131 57 522
9750 7447 6940 131 57 501
9758 7439 6950 131 57 481
9774 7430 6960 131 57 473
9813 7422 6970 131 57 464
9866 7422 6980 131 57 466
9923 7428 6990 131 57 473
9951 7421 7000 131 57 527
9959 7409 7010 131 57 617
9935 7365 7020 131 57 665
9879 7303 7030 131 57 670
9801 7226 7040 131 57 477
