366
9259 1676 0 155 55 61
9546 1670 10 156 55 51
9689 1723 20 156 55 22
9689 1723 30 155 54 0
10019 1882 40 155 54 0
10164 1984 50 156 55 0
10292 2096 60 158 55 0
10400 2218 70 158 55 0
10475 2341 80 157 56 0
10529 2465 90 156 57 0
10551 2578 100 155 58 0
10551 2578 110 155 58 265
10542 2827 120 155 58 366
10492 2971 130 155 58 469
10419 3098 140 155 58 483
10331 3225 150 155 58 491
10217 3350 160 155 58 483
10074 3439 170 155 58 473
9911 3503 180 156 57 465
9713 3540 190 156 57 483
9520 3547 200 156 57 492
9315 3535 210 156 57 526
9101 3486 220 156 57 538
8918 3390 230 156 57 546
8739 3264 240 156 57 567
8562 3119 250 154 56 586
8427 2950 260 154 56 602
8316 2764 270 154 57 628
8222 2573 280 152 57 637
8185 2397 290 152 57 655
8211 2232 300 151 58 661
8278 2093 310 150 57 667
8406 1986 320 150 57 665
8575 1901 330 150 58 653
8772 1854 340 150 58 641
9010 1846 350 150 58 620
9234 1863 360 152 59 620
9449 1902 370 152 59 625
9656 1976 380 154 58 643
9851 2073 390 154 58 669
10038 2192 400 154 58 696
10180 2327 410 156 59 716
10292 2473 420 157 58 736
10383 2634 430 157 58 751
10442 2822 440 157 58 753
10451 3029 450 157 58 762
10426 3223 460 157 58 759
10364 3412 470 157 58 737
10237 3558 480 157 58 656
10066 3677 490 157 58 456
9790 3714 500 157 58 249
9494 3674 510 157 58 285
9185 3582 520 157 58 184
9185 3582 530 155 58 0
8807 3355 540 155 58 0
8654 3221 550 154 57 0
8556 3098 560 154 57 0
8495 2994 570 151 58 0
8459 2903 580 151 58 0
8459 2888 590 151 58 0
8501 2895 600 149 58 0
8570 2918 610 149 58 0
8697 2953 620 150 58 0
8826 3028 630 150 58 0
8986 3129 640 150 58 0
9164 3229 650 152 59 0
9344 3342 660 151 58 0
9509 3463 670 154 56 0
9664 3593 680 155 55 0
9790 3723 690 158 54 0
9881 3852 700 159 53 0
9881 3852 710 160 53 538
9960 4007 720 160 53 664
9923 4050 730 162 54 694
9854 4061 740 163 55 693
9838 4013 750 163 55 690
9805 3927 760 162 56 672
9748 3737 770 160 56 670
9680 3553 780 158 56 664
9623 3373 790 157 56 667
9567 3156 800 157 56 663
9516 2972 810 155 55 676
9475 2809 820 155 55 690
9429 2642 830 157 56 731
9379 2520 840 157 56 787
9333 2428 850 157 57 823
9269 2365 860 157 57 851
9193 2316 870 159 57 891
9091 2277 880 161 57 900
8941 2258 890 161 57 894
8760 2258 900 162 58 905
8556 2264 910 162 58 909
8335 2273 920 162 58 905
8102 2282 930 162 58 933
7905 2271 940 161 57 940
7712 2248 950 161 57 986
7595 2232 960 160 56 977
7527 2232 970 160 56 979
7527 2232 980 158 56 995
7567 2232 990 158 56 995
7641 2232 1000 158 56 978
7770 2232 1010 158 56 987
7959 2244 1020 160 56 1014
8187 2244 1030 160 56 1023
8470 2271 1040 161 57 1023
8800 2308 1050 161 57 1023
9160 2350 1060 163 57 1023
9557 2390 1070 164 57 1023
9960 2429 1080 166 56 1023
10330 2459 1090 168 56 1023
10676 2493 1100 168 56 1023
10968 2507 1110 167 57 1023
11187 2507 1120 167 57 1023
11357 2491 1130 167 57 1023
11478 2473 1140 165 58 1023
11539 2451 1150 164 58 1023
11561 2440 1160 161 59 1023
11556 2440 1170 161 59 1023
11545 2440 1180 160 58 1023
11529 2450 1190 160 58 767
11529 2450 1200 160 58 0
11297 2505 1210 161 59 0
11087 2567 1220 161 59 0
10799 2650 1230 161 59 0
10505 2728 1240 161 59 0
10207 2763 1250 161 59 0
10014 2769 1260 162 58 0
9839 2760 1270 162 58 0
9677 2750 1280 161 57 0
9534 2722 1290 161 57 0
9401 2683 1300 160 56 0
9274 2666 1310 159 57 0
9195 2672 1320 159 57 0
9179 2693 1330 159 57 0
9204 2739 1340 157 57 0
9251 2797 1350 157 57 0
9319 2863 1360 156 57 0
9402 2924 1370 154 56 0
9402 2924 1380 154 56 173
9529 3035 1390 153 56 337
9545 3113 1400 154 55 422
9545 3198 1410 153 55 529
9545 3288 1420 153 54 592
9551 3383 1430 152 54 653
9551 3418 1440 153 53 659
9551 3412 1450 153 53 665
9556 3352 1460 153 53 662
9556 3203 1470 153 53 662
9550 2996 1480 154 52 670
9529 2739 1490 153 53 646
9495 2481 1500 153 53 628
9436 2225 1510 152 54 624
9405 2073 1520 152 54 624
9392 1987 1530 150 54 627
9377 1954 1540 149 55 647
9371 1963 1550 148 56 652
9378 1999 1560 148 56 653
9390 2094 1570 147 56 650
9425 2238 1580 147 56 619
9474 2415 1590 147 56 567
9522 2585 1600 145 56 489
9564 2755 1610 145 56 438
9602 2871 1620 145 56 409
9654 2953 1630 145 56 388
9704 2978 1640 145 56 394
9749 2978 1650 146 55 389
9790 2956 1660 146 55 391
9821 2941 1670 147 55 391
9840 2935 1680 146 54 394
9850 2935 1690 147 55 415
9862 2951 1700 148 54 442
9862 2981 1710 148 54 505
9862 3021 1720 148 54 546
9842 3060 1730 148 54 578
9814 3067 1740 148 54 560
9777 3052 1750 149 53 562
9718 2997 1760 149 53 553
9675 2877 1770 148 53 548
9642 2713 1780 147 53 543
9620 2608 1790 147 53 542
9620 2536 1800 146 54 537
9626 2485 1810 145 55 537
9641 2466 1820 145 56 551
9663 2478 1830 145 56 578
9689 2510 1840 144 57 595
9723 2567 1850 144 58 627
9754 2644 1860 144 58 641
9783 2735 1870 144 58 652
9790 2831 1880 144 58 661
9800 2927 1890 146 57 658
9812 2962 1900 147 56 652
9812 2957 1910 147 56 650
9804 2910 1920 148 56 655
9794 2819 1930 146 55 656
9774 2699 1940 147 55 656
9757 2626 1950 146 55 661
9757 2590 1960 146 55 659
9779 2578 1970 148 56 665
9796 2583 1980 147 56 666
9829 2615 1990 146 57 675
9873 2665 2000 147 58 684
9908 2736 2010 147 58 693
9936 2811 2020 147 58 697
9960 2890 2030 147 58 696
9965 2898 2040 148 57 691
9965 2856 2050 148 57 700
9960 2780 2060 151 56 707
9933 2677 2070 151 56 722
9924 2593 2080 151 56 727
9924 2553 2090 151 56 731
9947 2536 2100 150 57 740
9968 2547 2110 150 57 760
10012 2601 2120 147 58 773
10072 2683 2130 147 58 791
10098 2774 2140 149 58 793
10118 2863 2150 149 58 788
10134 2952 2160 149 58 776
10134 2952 2170 151 58 767
10134 2904 2180 154 57 760
10129 2817 2190 155 58 759
10129 2702 2200 155 58 759
10139 2638 2210 157 57 759
10159 2608 2220 157 58 756
10186 2608 2230 155 58 753
10222 2647 2240 154 58 753
10266 2719 2250 153 58 753
10315 2825 2260 153 58 749
10361 2934 2270 153 58 734
10407 3044 2280 151 58 703
10453 3239 2290 152 57 687
10484 3381 2300 153 56 685
10504 3487 2310 152 56 688
10520 3506 2320 153 55 700
10520 3497 2330 153 55 690
10520 3470 2340 152 54 707
10520 3443 2350 152 54 714
10509 3387 2360 152 54 719
10497 3311 2370 151 53 721
10517 3202 2380 151 53 728
10517 3074 2390 151 53 733
10511 2934 2400 152 54 724
10466 2818 2410 152 54 768
10407 2724 2420 151 54 808
10339 2646 2430 153 55 819
10284 2615 2440 152 56 843
10242 2615 2450 152 56 854
10209 2633 2460 151 56 864
10189 2673 2470 150 57 863
10181 2744 2480 151 58 851
10181 2836 2490 151 58 840
10215 2892 2500 151 58 833
10253 2898 2510 154 57 821
10293 2871 2520 154 57 809
10331 2825 2530 154 57 808
10344 2772 2540 154 56 805
10361 2715 2550 154 56 787
10388 2695 2560 154 56 784
10420 2709 2570 154 56 785
10467 2746 2580 152 57 787
10508 2818 2590 152 57 790
10546 2889 2600 152 57 788
10565 2919 2610 151 56 758
10565 2919 2620 151 56 742
10560 2877 2630 151 56 739
10547 2786 2640 152 56 745
10538 2665 2650 151 56 746
10538 2601 2660 151 56 748
10562 2568 2670 151 56 746
10601 2556 2680 150 57 740
10658 2576 2690 150 57 725
10719 2615 2700 147 58 717
10741 2668 2710 147 58 722
10734 2694 2720 147 58 722
10696 2678 2730 147 58 763
10611 2634 2740 147 58 794
10495 2532 2750 147 58 806
10371 2428 2760 147 58 833
10276 2325 2770 149 58 864
10199 2248 2780 150 57 873
10139 2188 2790 151 58 879
10097 2171 2800 153 58 878
10067 2185 2810 154 57 870
10030 2221 2820 155 58 858
9983 2268 2830 155 58 855
9930 2326 2840 155 58 855
9914 2391 2850 155 58 869
9920 2386 2860 155 58 853
9940 2334 2870 155 58 860
9960 2251 2880 155 58 861
9984 2168 2890 154 56 861
10015 2119 2900 154 56 864
10048 2092 2910 154 56 863
10088 2098 2920 156 57 867
10136 2139 2930 156 57 866
10189 2204 2940 156 57 870
10216 2276 2950 156 57 869
10228 2293 2960 156 57 864
10228 2274 2970 156 57 867
10211 2194 2980 156 57 873
10191 2103 2990 156 57 878
10171 2005 3000 156 57 872
10166 1961 3010 156 57 873
10166 1956 3020 156 57 872
10166 1977 3030 157 57 828
10180 2041 3040 157 57 760
10192 2124 3050 157 58 496
10199 2221 3060 157 58 5
10199 2221 3070 157 58 0
10199 2527 3080 155 58 0
10208 2707 3090 155 58 0
10220 2856 3100 154 57 0
10235 2907 3110 154 57 0
10241 2893 3120 154 57 0
10241 2866 3130 152 57 0
10250 2825 3140 152 57 0
10265 2774 3150 152 57 0
10292 2717 3160 151 56 0
10310 2656 3170 151 56 0
10310 2656 3180 151 56 63
10321 2413 3190 151 56 250
10294 2288 3200 151 56 422
10239 2194 3210 151 56 491
10229 2120 3220 152 57 535
10238 2087 3230 152 57 553
10260 2106 3240 152 57 566
10316 2159 3250 154 57 595
10373 2246 3260 154 57 603
10431 2333 3270 154 57 681
10456 2372 3280 154 57 749
10463 2379 3290 152 57 788
10463 2355 3300 152 57 834
10444 2293 3310 152 57 909
10426 2206 3320 151 56 929
10407 2157 3330 151 56 932
10407 2134 3340 152 57 935
10407 2128 3350 152 57 938
10418 2146 3360 152 57 939
10425 2171 3370 154 57 927
10430 2201 3380 154 57 827
10447 2267 3390 154 57 356
10447 2267 3400 154 57 0
10489 2410 3410 154 57 0
10480 2474 3420 152 57 0
10456 2536 3430 152 57 0
10429 2598 3440 151 56 0
10396 2695 3450 151 56 0
10360 2813 3460 150 55 0
10345 2971 3470 150 55 0
10336 3123 3480 150 55 0
10336 3183 3490 150 54 0
10336 3183 3500 151 54 787
10298 3175 3510 152 54 935
10269 3175 3520 152 54 1023
10269 3188 3530 154 53 1023
10269 3188 3540 154 53 1023
10269 3188 3550 154 53 1023
10264 3188 3560 155 52 1023
10264 3188 3570 155 52 1023
10264 3183 3580 155 52 1023
10264 3183 3590 154 52 1023
10264 3183 3600 154 52 1023
10264 3183 3610 153 51 1023
10271 3178 3620 153 51 1023
10277 3170 3630 153 51 1023
10300 3149 3640 153 51 1023
10334 3119 3650 155 51 396
