411
8631 4731 0 171 49 230
8695 4846 10 170 50 242
8695 4917 20 170 50 240
8700 4931 30 170 51 237
8706 4906 40 170 52 244
8695 4878 50 170 52 244
8673 4812 60 171 52 249
8634 4721 70 171 52 247
8595 4609 80 171 52 247
8554 4488 90 171 53 251
8509 4360 100 171 53 249
8494 4283 110 171 53 251
8499 4261 120 171 53 253
8506 4275 130 171 53 244
8517 4320 140 170 52 232
8555 4425 150 170 52 163
8555 4425 160 170 52 0
8671 4732 170 170 52 0
8725 4888 180 170 52 0
8725 4888 190 170 52 51
8785 5120 200 171 52 99
8785 5165 210 171 51 131
8774 5199 220 172 50 175
8763 5213 230 173 50 176
8751 5213 240 173 49 180
8751 5213 250 173 48 185
8717 5156 260 173 48 185
8698 5089 270 173 48 183
8684 4974 280 173 48 181
8678 4823 290 173 48 173
8694 4648 300 173 49 170
8724 4489 310 172 50 149
8749 4368 320 172 50 149
8761 4272 330 171 51 161
8761 4232 340 171 52 213
8754 4219 350 171 52 346
8732 4225 360 171 52 448
8702 4237 370 171 52 502
8647 4256 380 171 52 538
8582 4279 390 171 52 542
8510 4301 400 171 52 550
8453 4312 410 170 52 543
8423 4317 420 170 52 527
8410 4308 430 170 52 447
8410 4296 440 170 52 265
8410 4296 450 170 52 0
8470 4241 460 170 52 0
8544 4232 470 170 52 0
8609 4250 480 171 51 0
8667 4287 490 171 51 0
8725 4314 500 171 51 0
8770 4333 510 173 51 0
8770 4333 520 173 51 195
8841 4348 530 173 51 356
8841 4358 540 172 52 334
8828 4363 550 174 52 180
8828 4363 560 174 52 0
8847 4316 570 174 52 0
8847 4307 580 174 52 0
8826 4320 590 174 52 0
8835 4347 600 174 52 0
8862 4386 610 175 52 0
8892 4427 620 175 51 0
8926 4470 630 175 51 0
8970 4509 640 175 50 0
9022 4547 650 175 49 0
9076 4584 660 174 49 0
9131 4622 670 174 49 0
9175 4660 680 174 48 0
9213 4694 690 174 49 0
9245 4728 700 174 49 0
9277 4759 710 174 49 0
9300 4785 720 175 50 0
9300 4785 730 176 50 249
9317 4817 740 176 51 252
9317 4826 750 178 51 252
9302 4792 760 178 51 254
9296 4729 770 178 51 255
9269 4655 780 179 52 257
9229 4565 790 179 52 257
9196 4464 800 179 52 259
9167 4364 810 179 52 259
9140 4299 820 179 52 260
9134 4258 830 179 52 260
9129 4258 840 179 53 255
9138 4284 850 179 53 235
9156 4329 860 177 53 210
9185 4424 870 177 53 93
9185 4424 880 177 53 0
9247 4676 890 177 53 0
9247 4676 900 177 53 46
9304 4908 910 177 53 90
9319 4996 920 177 52 149
9328 5053 930 177 52 170
9328 5106 940 177 52 226
9328 5136 950 176 52 254
9328 5153 960 176 51 254
9328 5153 970 175 50 253
9333 5124 980 175 50 256
9339 5085 990 175 49 251
9353 5013 1000 174 49 249
9371 4921 1010 174 50 237
9390 4817 1020 174 50 223
9419 4722 1030 174 50 212
9447 4634 1040 174 51 180
9473 4550 1050 174 52 187
9484 4488 1060 173 53 173
9484 4445 1070 173 53 178
9472 4416 1080 173 53 200
9440 4394 1090 173 54 212
9397 4381 1100 173 54 249
9334 4374 1110 175 54 280
9268 4364 1120 175 54 294
9200 4357 1130 175 54 309
9153 4352 1140 176 53 325
9127 4352 1150 176 53 325
9115 4352 1160 177 53 324
9115 4344 1170 177 53 324
9148 4338 1180 177 53 325
9196 4346 1190 177 53 327
9274 4364 1200 177 53 332
9357 4389 1210 177 53 327
9439 4433 1220 177 53 307
9519 4489 1230 176 54 232
9586 4556 1240 176 54 149
9636 4636 1250 176 54 91
9674 4726 1260 175 54 142
9687 4796 1270 175 54 191
9687 4839 1280 173 54 218
9682 4864 1290 173 54 232
9677 4864 1300 172 54 235
9672 4858 1310 172 53 249
9667 4819 1320 172 53 264
9660 4758 1330 172 53 274
9653 4682 1340 172 53 279
9659 4606 1350 172 53 279
9666 4531 1360 172 53 287
9677 4470 1370 172 54 274
9687 4418 1380 172 54 294
9699 4395 1390 172 54 336
9710 4395 1400 170 54 371
9727 4406 1410 170 54 361
9748 4443 1420 170 54 349
9777 4505 1430 169 54 309
9806 4584 1440 169 54 246
9830 4679 1450 170 55 246
9851 4768 1460 170 55 257
9863 4820 1470 170 54 299
9863 4849 1480 172 54 302
9856 4849 1490 172 54 309
9845 4829 1500 172 54 327
9824 4793 1510 173 54 348
9796 4718 1520 173 53 359
9782 4638 1530 173 53 364
9770 4551 1540 173 54 364
9770 4461 1550 172 54 364
9770 4393 1560 172 54 364
9777 4340 1570 172 54 369
9797 4324 1580 170 54 391
9818 4337 1590 170 54 394
9842 4370 1600 170 54 399
9875 4436 1610 170 54 391
9913 4527 1620 170 54 344
9947 4634 1630 170 54 307
9965 4741 1640 170 54 317
9973 4812 1650 172 54 342
9963 4858 1660 172 54 345
9943 4863 1670 172 54 334
9916 4843 1680 173 54 364
9881 4806 1690 173 54 369
9846 4746 1700 173 54 391
9812 4671 1710 173 53 399
9791 4587 1720 173 54 394
9783 4508 1730 173 54 394
9783 4429 1740 173 54 394
9809 4374 1750 172 54 392
9839 4334 1760 172 54 397
9872 4326 1770 170 54 412
9904 4349 1780 170 54 413
9954 4393 1790 170 54 407
10004 4458 1800 170 54 379
10047 4533 1810 172 54 371
10084 4615 1820 171 55 376
10101 4675 1830 173 55 391
10108 4710 1840 173 55 389
10108 4728 1850 174 55 396
10099 4728 1860 174 55 398
10084 4728 1870 176 55 404
10064 4693 1880 176 55 412
10045 4646 1890 176 55 420
10026 4590 1900 176 54 422
10026 4533 1910 175 54 422
10026 4477 1920 173 54 423
10039 4434 1930 173 55 423
10052 4399 1940 171 55 415
10071 4389 1950 170 55 422
10095 4400 1960 170 55 428
10125 4426 1970 170 55 427
10158 4471 1980 171 55 413
10190 4531 1990 171 55 399
10218 4602 2000 173 55 396
10234 4664 2010 174 55 396
10242 4698 2020 176 55 422
10242 4714 2030 177 55 425
10242 4714 2040 177 55 425
10242 4714 2050 177 55 418
10230 4688 2060 177 55 430
10219 4655 2070 177 55 441
10205 4604 2080 177 55 448
10205 4551 2090 176 55 442
10200 4497 2100 176 55 440
10210 4458 2110 176 55 442
10227 4435 2120 176 55 440
10240 4424 2130 176 55 447
10255 4429 2140 176 55 452
10272 4455 2150 176 55 452
10311 4496 2160 174 55 449
10344 4557 2170 174 55 438
10368 4618 2180 174 55 440
10388 4678 2190 174 55 448
10394 4708 2200 174 55 447
10394 4719 2210 174 56 452
10394 4719 2220 174 56 453
10389 4719 2230 174 56 460
10380 4695 2240 174 56 469
10366 4659 2250 174 55 473
10354 4607 2260 174 55 495
10346 4558 2270 174 55 495
10346 4511 2280 174 55 488
10351 4478 2290 174 55 492
10366 4458 2300 174 55 496
10380 4446 2310 174 56 501
10395 4454 2320 174 56 510
10414 4481 2330 174 56 514
10443 4522 2340 174 56 502
10479 4579 2350 173 56 460
10503 4640 2360 173 56 450
10517 4704 2370 173 56 458
10525 4741 2380 173 56 468
10525 4751 2390 173 56 470
10520 4744 2400 171 56 467
10520 4735 2410 171 56 485
10508 4703 2420 173 55 492
10496 4657 2430 173 55 518
10482 4603 2440 173 55 533
10473 4548 2450 173 55 530
10468 4504 2460 173 55 537
10468 4468 2470 173 55 535
10479 4446 2480 173 56 537
10490 4440 2490 173 56 535
10506 4445 2500 173 56 535
10527 4470 2510 173 56 524
10561 4513 2520 173 56 492
10592 4568 2530 173 56 495
10614 4625 2540 171 56 496
10631 4675 2550 171 56 494
10640 4700 2560 171 56 507
10640 4710 2570 171 56 520
10640 4710 2580 171 56 512
10635 4702 2590 171 56 532
10630 4689 2600 171 56 545
10617 4654 2610 171 55 548
10598 4606 2620 171 55 551
10598 4566 2630 171 56 559
10598 4533 2640 171 56 561
10598 4506 2650 171 56 559
10605 4496 2660 171 56 556
10620 4496 2670 171 56 557
10640 4496 2680 171 56 543
10663 4520 2690 171 56 537
10698 4561 2700 171 56 499
10730 4614 2710 171 56 483
10759 4664 2720 171 56 485
10773 4706 2730 171 56 496
10780 4723 2740 171 56 514
10780 4723 2750 171 56 518
10780 4723 2760 171 56 519
10780 4715 2770 170 56 521
10771 4698 2780 170 56 544
10763 4673 2790 170 56 550
10758 4640 2800 171 56 559
10758 4603 2810 171 56 557
10758 4583 2820 171 56 556
10766 4569 2830 173 56 556
10772 4559 2840 172 57 559
10782 4559 2850 172 57 565
10793 4559 2860 172 57 564
10806 4571 2870 172 57 564
10823 4595 2880 172 57 561
10841 4621 2890 172 57 564
10851 4649 2900 174 57 564
10856 4655 2910 174 57 561
10856 4655 2920 174 57 564
10856 4645 2930 174 57 570
10846 4616 2940 174 57 568
10839 4576 2950 174 57 560
10839 4534 2960 174 57 560
10839 4500 2970 174 57 563
10844 4477 2980 174 57 564
10853 4460 2990 174 57 581
10865 4460 3000 174 57 588
10882 4482 3010 174 57 595
10910 4526 3020 175 57 581
10944 4595 3030 175 57 556
10976 4688 3040 175 57 496
10993 4797 3050 177 57 468
11000 4923 3060 177 57 472
10980 5028 3070 177 56 556
10948 5120 3080 177 56 659
10909 5185 3090 177 55 707
10883 5221 3100 177 55 710
10883 5237 3110 177 54 682
10899 5237 3120 177 53 613
10969 5237 3130 177 53 407
11102 5210 3140 177 53 1
11102 5210 3150 179 53 0
11452 5143 3160 179 53 0
11582 5123 3170 179 54 0
11683 5112 3180 179 54 0
11753 5094 3190 179 55 0
11780 5075 3200 179 55 0
11780 5053 3210 179 56 0
11722 5017 3220 178 57 0
11603 4973 3230 177 58 0
11442 4902 3240 174 58 0
11225 4826 3250 172 58 0
10965 4748 3260 170 58 0
10676 4665 3270 171 57 0
10392 4585 3280 170 56 0
10113 4507 3290 169 53 0
9867 4432 3300 169 53 0
9640 4367 3310 170 51 0
9474 4309 3320 170 50 0
9341 4272 3330 170 50 0
9230 4250 3340 170 50 0
9166 4239 3350 169 50 0
9141 4231 3360 169 50 0
9141 4231 3370 168 49 0
9177 4226 3380 168 49 0
9215 4226 3390 168 49 0
9258 4226 3400 168 49 0
9321 4226 3410 167 49 0
9396 4237 3420 167 50 0
9494 4250 3430 167 50 0
9591 4268 3440 168 50 0
9687 4279 3450 168 50 0
9768 4285 3460 168 50 0
9841 4285 3470 169 50 0
9893 4279 3480 170 51 0
9916 4269 3490 170 51 0
9916 4253 3500 171 51 0
9897 4236 3510 173 51 0
9855 4216 3520 172 52 0
9800 4198 3530 172 52 0
9728 4183 3540 172 52 0
9623 4160 3550 172 52 0
9496 4134 3560 171 53 0
9343 4107 3570 171 53 0
9175 4071 3580 169 53 0
9175 4071 3590 169 53 134
8793 3993 3600 169 53 216
8630 3982 3610 169 53 260
8493 3989 3620 168 52 275
8433 3977 3630 168 52 285
8446 3977 3640 168 52 281
8508 3977 3650 168 52 373
8657 3998 3660 168 52 389
8895 4026 3670 169 53 389
9193 4061 3680 169 53 404
9570 4103 3690 169 53 402
9950 4154 3700 171 53 405
10305 4212 3710 172 53 397
10642 4275 3720 172 54 374
10941 4339 3730 173 54 279
11161 4404 3740 173 54 90
11161 4404 3750 174 55 0
11393 4489 3760 176 55 0
11386 4521 3770 177 56 0
11331 4548 3780 177 56 0
11251 4584 3790 177 57 0
11140 4627 3800 177 57 0
11009 4677 3810 177 57 0
10886 4736 3820 176 56 0
10802 4802 3830 176 55 0
10745 4865 3840 176 55 0
10723 4944 3850 175 54 0
10707 5035 3860 175 54 0
10701 5111 3870 175 53 0
10717 5182 3880 175 53 0
10745 5227 3890 175 53 0
10745 5227 3900 175 52 551
10770 5295 3910 175 52 537
10765 5309 3920 175 52 397
10765 5309 3930 175 52 251
10765 5309 3940 175 51 0
10691 5124 3950 175 51 0
10622 4990 3960 174 51 0
10558 4825 3970 174 51 0
10529 4710 3980 174 52 0
10521 4628 3990 172 52 0
10564 4595 4000 172 52 0
10629 4595 4010 172 52 0
10709 4614 4020 171 52 0
10797 4633 4030 171 52 0
10907 4649 4040 171 52 0
11031 4658 4050 171 52 0
11138 4664 4060 172 52 0
11138 4664 4070 172 52 294
11300 4691 4080 173 53 296
11361 4725 4090 176 53 244
11442 4731 4100 177 54 1
