253
8485 613 0 161 47 37
8485 613 10 161 47 81
8517 608 20 161 47 149
8537 623 30 161 48 181
8581 659 40 161 48 253
8640 708 50 161 49 312
8721 782 60 161 49 356
8804 868 70 160 50 409
8889 962 80 161 50 433
8962 1058 90 161 50 450
9028 1184 100 161 50 465
9081 1330 110 162 51 469
9112 1462 120 164 51 464
9128 1590 130 165 51 465
9115 1692 140 165 51 477
9092 1777 150 165 50 486
9061 1828 160 165 50 496
9029 1849 170 165 49 489
8997 1849 180 165 48 495
8955 1813 190 164 48 495
8905 1710 200 163 47 495
8858 1563 210 162 47 496
8826 1360 220 162 47 498
8803 1162 230 161 46 496
8803 968 240 162 48 498
8803 839 250 162 48 488
8803 749 260 162 49 491
8822 684 270 163 50 492
8843 649 280 164 50 499
8869 644 290 165 51 504
8904 658 300 165 51 509
8947 688 310 166 51 519
8992 736 320 166 51 517
9035 797 330 168 50 519
9062 847 340 168 50 513
9079 879 350 168 50 512
9088 898 360 168 50 520
9088 898 370 168 50 509
9088 898 380 169 50 501
9088 898 390 169 50 499
9062 849 400 169 50 494
9040 818 410 169 50 496
9040 799 420 169 50 467
9040 789 430 169 50 465
9051 789 440 169 50 468
9073 789 450 169 50 468
9100 794 460 169 50 469
9124 808 470 169 50 474
9134 822 480 169 50 474
9134 834 490 169 50 473
9134 846 500 169 50 466
9127 851 510 169 50 456
9119 851 520 169 50 452
9105 841 530 169 50 448
9096 815 540 169 50 445
9091 789 550 169 50 442
9117 768 560 169 50 440
9160 751 570 169 50 443
9214 751 580 169 50 447
9293 774 590 169 50 450
9391 818 600 169 50 460
9502 884 610 168 49 473
9591 963 620 168 49 477
9662 1051 630 167 49 485
9722 1147 640 166 49 485
9752 1277 650 166 49 486
9762 1429 660 165 48 485
9762 1557 670 166 47 493
9737 1651 680 166 47 499
9708 1722 690 165 46 514
9674 1737 700 165 46 510
9646 1704 710 166 45 507
9623 1638 720 166 44 507
9608 1499 730 166 44 504
9600 1317 740 166 44 504
9600 1106 750 166 44 501
9606 955 760 166 45 491
9623 842 770 167 45 489
9639 755 780 166 46 492
9651 713 790 166 46 494
9651 692 800 167 47 499
9641 686 810 167 47 502
9634 686 820 168 47 502
9605 707 830 168 47 499
9561 739 840 168 47 492
9522 773 850 168 47 495
9485 813 860 168 47 490
9453 857 870 168 47 488
9440 873 880 166 48 486
9440 885 890 166 48 464
9446 885 900 166 48 455
9480 895 910 166 49 448
9530 902 920 166 49 448
9600 911 930 166 49 453
9673 920 940 166 49 455
9754 944 950 167 49 458
9843 977 960 167 48 468
9925 1019 970 167 48 474
10001 1070 980 169 48 469
10054 1127 990 169 48 474
10090 1221 1000 170 48 464
10114 1322 1010 171 48 474
10125 1427 1020 171 47 465
10125 1533 1030 173 46 464
10116 1638 1040 173 46 481
10100 1713 1050 174 45 489
10084 1768 1060 175 45 501
10067 1778 1070 175 46 492
10055 1745 1080 175 46 491
10045 1684 1090 175 46 491
10039 1566 1100 175 46 492
10039 1413 1110 175 47 494
10039 1237 1120 175 47 492
10039 1068 1130 175 47 494
10049 966 1140 175 47 496
10060 909 1150 174 46 496
10070 878 1160 174 46 499
10070 870 1170 174 46 502
10070 878 1180 174 46 507
10059 891 1190 174 46 512
10041 916 1200 174 46 509
10020 950 1210 174 46 510
10005 984 1220 174 47 512
9993 1013 1230 174 47 512
9993 1036 1240 174 47 505
10002 1056 1250 172 47 504
10026 1074 1260 172 47 499
10064 1088 1270 172 47 496
10107 1098 1280 172 47 496
10151 1109 1290 172 47 494
10193 1127 1300 174 47 496
10239 1148 1310 174 47 494
10288 1194 1320 174 47 497
10339 1246 1330 175 47 499
10381 1303 1340 175 46 501
10417 1368 1350 175 46 499
10447 1436 1360 175 45 499
10466 1505 1370 175 44 501
10477 1560 1380 175 43 510
10477 1597 1390 175 42 512
10477 1623 1400 175 40 509
10465 1628 1410 175 39 502
10465 1628 1420 175 38 499
10443 1590 1430 175 37 497
10416 1529 1440 176 36 497
10389 1424 1450 176 36 497
10365 1285 1460 175 37 494
10345 1124 1470 175 38 489
10345 1026 1480 175 39 481
10350 962 1490 175 40 477
10372 921 1500 175 42 477
10394 905 1510 174 43 477
10416 905 1520 174 44 480
10439 922 1530 174 45 477
10468 959 1540 174 45 478
10494 1005 1550 175 45 481
10511 1058 1560 175 45 481
10523 1122 1570 175 45 478
10536 1193 1580 176 45 481
10548 1270 1590 176 45 480
10560 1323 1600 177 45 481
10567 1347 1610 177 44 473
10572 1352 1620 177 44 464
10572 1341 1630 177 44 474
10572 1294 1640 177 43 474
10572 1223 1650 177 43 469
10572 1139 1660 177 43 468
10572 1071 1670 177 43 465
10572 1022 1680 177 43 460
10594 982 1690 177 43 447
10618 965 1700 177 44 439
10644 965 1710 177 44 448
10669 965 1720 177 44 448
10691 987 1730 177 44 449
10711 1019 1740 177 44 449
10724 1058 1750 178 44 449
10724 1102 1760 178 43 440
10724 1150 1770 178 43 447
10724 1202 1780 178 43 450
10717 1244 1790 178 43 455
10708 1272 1800 178 43 456
10703 1290 1810 178 43 458
10703 1295 1820 178 43 455
10703 1295 1830 178 43 448
10709 1295 1840 178 42 448
10717 1263 1850 178 42 448
10729 1221 1860 178 42 448
10743 1160 1870 177 42 448
10759 1109 1880 177 43 448
10780 1066 1890 178 43 447
10802 1033 1900 178 43 447
10818 1010 1910 178 43 448
10829 995 1920 178 43 448
10841 995 1930 178 43 455
10852 1006 1940 178 43 455
10863 1021 1950 178 43 456
10878 1051 1960 178 43 456
10898 1103 1970 178 43 461
10917 1171 1980 178 43 464
10933 1271 1990 178 43 472
10944 1381 2000 178 42 472
10954 1499 2010 178 41 472
10963 1590 2020 178 40 492
10971 1645 2030 178 38 505
10971 1677 2040 178 37 512
10962 1677 2050 179 35 507
10962 1677 2060 178 34 509
10962 1640 2070 178 33 510
10962 1583 2080 178 32 512
10962 1509 2090 178 32 512
10952 1421 2100 178 32 510
10963 1325 2110 178 33 512
10974 1237 2120 179 35 510
10986 1168 2130 178 36 510
11004 1111 2140 177 37 509
11030 1085 2150 175 39 512
11061 1074 2160 172 40 510
11084 1074 2170 170 41 515
11102 1074 2180 166 41 519
11117 1082 2190 162 41 515
11126 1082 2200 158 40 512
11136 1082 2210 155 39 512
11168 1082 2220 153 39 507
11214 1067 2230 152 38 501
11272 1051 2240 153 38 501
11330 1032 2250 154 38 499
11390 1012 2260 155 38 499
11448 994 2270 156 38 501
11492 975 2280 157 39 502
11527 952 2290 160 38 501
11545 927 2300 160 38 499
11538 901 2310 162 38 499
11513 878 2320 162 38 501
11453 853 2330 162 38 501
11346 827 2340 162 37 499
11208 795 2350 161 37 494
11008 757 2360 162 38 504
10800 717 2370 164 38 520
10587 675 2380 165 39 515
10376 627 2390 167 39 518
10164 569 2400 169 40 522
9951 508 2410 171 42 543
9766 458 2420 173 44 562
9602 414 2430 175 45 561
9457 375 2440 176 47 567
9336 340 2450 177 49 570
9231 308 2460 175 50 570
9173 288 2470 175 52 570
9146 280 2480 176 53 569
9139 280 2490 176 54 546
9139 280 2500 176 55 502
9168 286 2510 176 56 379
9208 295 2520 176 56 58
