293
1516 8912 0 160 66 18
1516 8948 10 159 67 46
1516 8962 20 159 67 73
1516 8970 30 158 67 104
1516 8970 40 156 68 113
1516 8970 50 155 69 127
1516 8970 60 155 69 141
1516 8957 70 154 70 143
1516 8928 80 154 70 158
1516 8888 90 154 70 182
1516 8832 100 155 69 185
1507 8772 110 155 69 200
1507 8705 120 156 68 217
1507 8617 130 156 68 206
1507 8516 140 158 67 207
1507 8408 150 158 67 207
1501 8304 160 156 66 207
1501 8223 170 156 66 211
1506 8158 180 156 66 219
1514 8092 190 154 66 226
1523 8027 200 154 66 237
1532 7962 210 154 66 240
1542 7907 220 154 66 240
1552 7858 230 154 66 244
1562 7819 240 154 66 239
1572 7798 250 152 65 235
1578 7789 260 152 65 233
1578 7782 270 152 65 239
1578 7782 280 152 65 230
1563 7795 290 153 65 207
1543 7812 300 153 65 220
1509 7833 310 153 65 203
1464 7856 320 154 64 180
1411 7888 330 154 64 175
1342 7918 340 153 65 151
1260 7946 350 153 65 139
1168 7966 360 151 64 143
1061 7983 370 150 65 163
957 7995 380 150 65 161
854 8000 390 149 66 186
761 8000 400 148 67 186
683 8000 410 148 68 187
614 8005 420 149 69 184
566 8005 430 149 69 184
538 8000 440 152 70 184
524 7995 450 150 71 180
524 7990 460 150 71 179
551 7979 470 150 71 173
586 7967 480 150 71 172
645 7954 490 150 71 173
730 7941 500 150 71 177
832 7929 510 150 71 180
962 7921 520 150 71 180
1112 7914 530 152 70 186
1274 7914 540 153 69 205
1442 7909 550 152 68 214
1640 7909 560 153 67 235
1858 7909 570 152 65 254
2082 7916 580 154 64 250
2318 7916 590 154 63 270
2563 7926 600 154 63 285
2820 7934 610 155 62 286
3054 7942 620 155 62 282
3272 7952 630 155 62 281
3464 7958 640 155 62 267
3622 7965 650 155 62 223
3757 7977 660 154 63 148
3838 7987 670 154 63 51
3838 7987 680 154 63 0
3859 8006 690 154 63 0
3803 8013 700 154 63 0
3713 8013 710 154 63 0
3601 8018 720 154 63 0
3459 8018 730 154 63 0
3287 8008 740 153 63 0
3096 7998 750 151 63 0
2891 7985 760 151 63 0
2679 7967 770 148 63 0
2463 7949 780 148 63 0
2287 7930 790 146 63 0
2115 7911 800 146 63 0
1952 7890 810 146 63 0
1817 7874 820 144 62 0
1700 7861 830 147 62 0
1602 7853 840 147 62 0
1533 7853 850 150 62 0
1483 7853 860 150 62 0
1459 7867 870 153 61 0
1454 7878 880 153 61 0
1462 7892 890 153 61 0
1481 7908 900 155 62 0
1502 7919 910 155 62 0
1528 7928 920 156 62 0
1555 7935 930 155 63 0
1571 7935 940 155 63 0
1581 7940 950 154 64 0
1589 7940 960 155 65 0
1589 7940 970 154 66 0
1583 7940 980 153 67 0
1575 7940 990 152 68 0
1565 7934 1000 151 68 0
1553 7929 1010 151 68 0
1539 7922 1020 151 68 0
1539 7922 1030 151 68 37
1539 7922 1040 150 67 65
1510 7909 1050 150 67 73
1510 7909 1060 151 66 91
1517 7916 1070 150 65 122
1524 7925 1080 151 64 146
1544 7938 1090 151 64 149
1569 7968 1100 150 64 144
1607 8005 1110 150 64 149
1651 8047 1120 148 65 163
1696 8094 1130 148 65 205
1740 8148 1140 147 65 218
1781 8208 1150 145 65 222
1820 8288 1160 145 65 209
1863 8389 1170 145 65 212
1905 8504 1180 146 64 216
1948 8617 1190 146 63 226
1992 8723 1200 148 63 239
2000 8818 1210 148 63 242
2009 8904 1220 149 63 256
2017 8984 1230 151 63 247
2022 9043 1240 151 63 246
2029 9088 1250 152 62 244
2029 9100 1260 154 63 237
2024 9089 1270 154 63 233
2016 9063 1280 154 63 237
1999 8987 1290 154 63 233
1976 8868 1300 154 63 232
1954 8721 1310 154 63 219
1932 8551 1320 154 63 225
1904 8378 1330 153 63 233
1871 8202 1340 151 63 251
1850 8081 1350 151 63 242
1841 7992 1360 148 63 250
1841 7924 1370 148 63 255
1855 7878 1380 148 63 262
1868 7858 1390 146 63 273
1879 7858 1400 146 63 281
1904 7883 1410 146 63 274
1933 7951 1420 144 62 260
1968 8045 1430 144 62 262
2001 8148 1440 144 62 253
2025 8267 1450 144 62 228
2045 8396 1460 144 62 254
2072 8528 1470 144 62 235
2088 8649 1480 144 62 235
2096 8727 1490 144 62 256
2096 8780 1500 144 62 277
2096 8780 1510 146 63 285
2089 8755 1520 146 63 297
2073 8703 1530 146 63 314
2058 8589 1540 146 63 339
2045 8445 1550 146 63 351
2034 8281 1560 146 63 364
2034 8172 1570 146 63 379
2053 8097 1580 144 62 391
2086 8045 1590 143 63 394
2125 8020 1600 141 63 389
2157 8020 1610 141 63 394
2184 8031 1620 140 63 392
2216 8065 1630 138 63 374
2246 8130 1640 138 63 315
2270 8217 1650 138 63 239
2291 8329 1660 140 62 180
2302 8440 1670 140 62 181
2302 8522 1680 140 62 185
2286 8586 1690 143 62 210
2280 8577 1700 143 62 212
2268 8518 1710 143 62 264
2248 8425 1720 144 61 294
2232 8333 1730 144 61 309
2232 8247 1740 144 61 322
2245 8165 1750 143 62 325
2264 8109 1760 143 62 337
2288 8068 1770 141 61 344
2316 8036 1780 140 62 356
2344 8036 1790 140 62 351
2375 8052 1800 137 62 339
2408 8089 1810 137 62 273
2445 8171 1820 137 62 239
2480 8292 1830 138 63 173
2511 8440 1840 138 63 185
2527 8607 1850 140 62 216
2536 8732 1860 141 63 237
2527 8829 1870 143 63 259
2519 8881 1880 144 62 286
2511 8894 1890 146 63 306
2499 8881 1900 148 63 312
2486 8856 1910 148 63 325
2471 8801 1920 148 63 344
2462 8726 1930 148 63 333
2462 8620 1940 148 63 338
2454 8485 1950 148 63 339
2454 8332 1960 149 63 339
2447 8199 1970 149 63 334
2447 8092 1980 146 63 334
2447 8003 1990 146 63 344
2467 7933 2000 146 63 336
2485 7885 2010 144 62 336
2503 7851 2020 144 62 336
2523 7833 2030 144 62 339
2534 7825 2040 146 63 344
2534 7825 2050 146 63 343
2527 7834 2060 146 63 336
2489 7860 2070 149 63 339
2432 7898 2080 149 63 327
2344 7936 2090 149 63 317
2218 7974 2100 149 63 310
2067 8009 2110 147 62 315
1901 8039 2120 147 62 312
1720 8068 2130 146 63 314
1530 8095 2140 146 63 340
1362 8121 2150 146 63 343
1198 8131 2160 146 64 359
1041 8139 2170 145 65 364
914 8145 2180 145 65 364
806 8145 2190 147 65 364
739 8151 2200 148 67 362
715 8151 2210 150 67 353
720 8151 2220 150 67 339
753 8146 2230 152 68 348
820 8146 2240 154 68 333
910 8133 2250 154 68 333
1045 8125 2260 154 68 343
1203 8117 2270 152 68 341
1376 8117 2280 152 68 339
1573 8117 2290 150 67 344
1798 8117 2300 149 66 348
2042 8134 2310 149 66 349
2282 8153 2320 148 65 351
2518 8176 2330 150 64 354
2749 8196 2340 151 63 348
2927 8210 2350 151 63 344
3068 8219 2360 152 62 341
3185 8227 2370 153 61 337
3253 8227 2380 153 61 274
3287 8220 2390 151 61 206
3287 8215 2400 152 60 171
3273 8210 2410 152 60 103
3273 8210 2420 152 60 0
3200 8198 2430 152 60 0
3149 8190 2440 152 60 0
3093 8177 2450 152 60 0
3042 8168 2460 152 60 0
2990 8160 2470 152 60 0
2937 8160 2480 154 60 0
2896 8160 2490 153 61 0
2862 8160 2500 153 61 0
2840 8172 2510 153 61 0
2827 8178 2520 153 61 0
2827 8178 2530 153 61 0
2827 8178 2540 153 61 0
2834 8186 2550 153 61 0
2839 8193 2560 151 61 0
2844 8198 2570 151 61 0
2844 8204 2580 151 61 0
2853 8212 2590 151 61 0
2858 8212 2600 151 61 0
2863 8219 2610 151 61 0
2868 8219 2620 151 61 0
2868 8219 2630 151 61 0
2868 8226 2640 150 60 0
2874 8226 2650 150 60 0
2874 8237 2660 150 60 0
2874 8249 2670 150 60 0
2874 8260 2680 150 60 0
2874 8268 2690 150 60 0
2874 8268 2700 150 60 0
2874 8259 2710 150 60 0
2874 8259 2720 151 61 235
2865 8224 2730 151 61 245
2847 8214 2740 151 61 245
2847 8200 2750 153 61 249
2847 8188 2760 153 61 218
2847 8176 2770 153 61 139
2858 8176 2780 155 62 1
2858 8176 2790 155 62 0
2908 8192 2800 155 62 0
2928 8216 2810 155 62 0
2938 8245 2820 153 61 0
2938 8267 2830 153 61 0
2938 8288 2840 153 61 0
2938 8288 2850 153 61 0
2938 8270 2860 151 61 0
2938 8270 2870 151 61 246
2931 8220 2880 151 61 241
2922 8213 2890 151 61 254
2922 8187 2900 151 61 218
2927 8165 2910 151 61 141
2927 8146 2920 151 61 46
